war	0	4.1600	1.0072
torture	1	3.9184	1.1577
murdered	2	3.8400	1.1377
motherfucker	3	3.8163	1.2885
anger	4	3.7959	1.2613
killer	5	3.7800	1.3754
angry	6	3.7347	1.3058
fury	7	3.6327	1.5609
bombing	8	3.5800	1.3869
killin	9	3.5625	1.2060
tortured	10	3.4898	1.3112
hate	11	3.4800	1.4316
died	12	3.4800	1.4316
hates	13	3.4400	1.3588
whore	14	3.4200	1.4155
lies	15	3.3878	1.2258
death	16	3.3800	1.5861
slaves	17	3.3600	1.4249
asshole	18	3.3600	1.4389
holocaust	19	3.2653	1.5088
mad	20	3.2245	1.1998
nigga	21	3.2000	1.3711
bitch	22	3.1600	1.3908
slap	23	3.1224	1.0620
betray	24	3.1000	1.3153
fuckin	25	3.1000	1.5395
fraud	26	3.0800	1.5471
retarded	27	3.0408	1.2610
disrespect	28	3.0000	1.3851
smoking	29	2.9800	1.4627
rob	30	2.9796	1.3922
hurting	31	2.9600	1.3705
dislike	32	2.9600	1.2643
hangover	33	2.9388	1.1141
unemployment	34	2.9200	1.4811
failure	35	2.9200	1.0741
recession	36	2.9167	1.4264
devil	37	2.9000	1.5133
screwed	38	2.8776	1.2394
burnin	39	2.8400	1.4881
vengeance	40	2.8400	1.3321
violent	41	2.8000	1.5100
poverty	42	2.7800	1.3607
monster	43	2.7755	1.4745
argue	44	2.7708	1.1225
fatal	45	2.7600	1.2419
complaints	46	2.7400	1.3238
dammit	47	2.7292	1.0943
jail	48	2.7292	1.4251
violations	49	2.7200	1.2172
broke	50	2.7143	1.2617
opposition	51	2.7000	1.4177
demanded	52	2.7000	0.8775
infection	53	2.6800	1.4063
fake	54	2.6800	1.3182
prisoners	55	2.6800	1.3920
damages	56	2.6800	1.4483
criticized	57	2.6600	1.3944
pollution	58	2.6600	1.3944
missing	59	2.6400	1.3529
losers	60	2.6400	1.2452
suffering	61	2.6327	1.2070
shawty	62	2.6250	1.2686
accused	63	2.6200	1.3695
tobacco	64	2.6000	1.2806
trapped	65	2.6000	1.4000
allegations	66	2.5800	1.0600
temper	67	2.5800	1.3430
ass	68	2.5800	1.2663
dying	69	2.5714	1.2617
fought	70	2.5600	1.1342
depressed	71	2.5600	1.4719
charges	72	2.5600	1.0984
despise	73	2.5600	1.3588
no	74	2.5400	1.3887
negative	75	2.5400	1.1868
loss	76	2.5400	1.4451
tension	77	2.5200	1.1531
refused	78	2.5200	1.3746
penalties	79	2.5200	1.2687
oppose	80	2.5200	1.2998
defeated	81	2.5200	1.2998
hurts	82	2.5000	1.1533
sucks	83	2.5000	1.1874
needles	84	2.5000	1.2530
crashing	85	2.5000	1.3454
governments	86	2.4898	1.5000
kick	87	2.4898	1.2956
baghdad	88	2.4800	1.4176
wrong	89	2.4600	1.1526
ich	90	2.4600	1.2200
difficult	91	2.4600	1.3448
resignation	92	2.4400	1.2027
panic	93	2.4400	1.3735
swear	94	2.4400	1.2355
fiend	95	2.4400	1.3139
confrontation	96	2.4286	1.2454
training	97	2.4200	1.2663
smashed	98	2.3878	1.4116
roughly	99	2.3800	1.3400
desperation	100	2.3673	1.1900
monsters	101	2.3600	1.3822
sinner	102	2.3469	1.1348
deadly	103	2.3400	1.4644
blast	104	2.3400	1.4368
damn	105	2.3400	1.0698
suspended	106	2.3400	1.1935
gore	107	2.3400	1.4368
racial	108	2.3400	1.3208
weapons	109	2.3265	1.3308
excuse	110	2.3200	1.1391
suck	111	2.3200	1.0852
mean	112	2.3200	1.3775
bugs	113	2.3200	1.3920
screamed	114	2.3200	1.2718
guilty	115	2.3125	1.2773
pirates	116	2.3061	1.4172
fire	117	2.3000	1.3601
risk	118	2.3000	1.3304
acid	119	2.3000	1.3153
earthquake	120	2.3000	1.4036
police	121	2.2857	1.2778
govt	122	2.2857	1.2122
tensions	123	2.2800	1.1669
kickin	124	2.2800	1.2172
sadness	125	2.2600	1.3238
deleted	126	2.2600	1.0920
losing	127	2.2449	1.1523
lazy	128	2.2449	1.2541
omitted	129	2.2400	1.1926
abnormal	130	2.2200	1.4183
legislators	131	2.2200	1.3310
loneliness	132	2.2041	1.3699
savage	133	2.2000	1.2000
forgetting	134	2.1800	1.1948
dump	135	2.1800	1.2440
cant	136	2.1800	1.1948
troubles	137	2.1800	1.1435
cryin	138	2.1800	1.2278
authorities	139	2.1800	1.2758
offensive	140	2.1633	1.0565
sentenced	141	2.1633	1.4048
bleed	142	2.1600	1.1552
burnt	143	2.1600	1.2862
pirate	144	2.1600	1.3764
guilt	145	2.1600	1.1893
excuses	146	2.1600	1.3170
noise	147	2.1600	1.2862
liability	148	2.1600	0.9457
pistol	149	2.1458	1.3069
wasting	150	2.1458	1.1178
conviction	151	2.1429	1.3401
uptight	152	2.1400	1.0585
freakin	153	2.1400	1.0772
crooked	154	2.1400	1.2002
hardcore	155	2.1400	1.2167
flames	156	2.1200	1.2432
exhausted	157	2.1200	1.3060
commercial	158	2.1200	1.1071
hungry	159	2.1020	1.1823
dont	160	2.1000	1.1874
scary	161	2.1000	1.2845
laws	162	2.1000	1.2042
rowdy	163	2.1000	1.2207
insecure	164	2.1000	1.1533
lonesome	165	2.1000	1.2845
aids	166	2.1000	1.4318
aching	167	2.0816	1.1752
boss	168	2.0816	0.9864
locked	169	2.0816	1.0849
whack	170	2.0816	0.9655
mother-in-law	171	2.0800	1.2624
sting	172	2.0625	1.2146
rotting	173	2.0612	1.0768
obsession	174	2.0600	1.1732
blocked	175	2.0600	1.2870
election	176	2.0600	1.3328
surgery	177	2.0600	1.2233
nah	178	2.0400	1.1655
louder	179	2.0400	1.1825
jobs	180	2.0400	1.3851
age	181	2.0204	1.2370
consequence	182	2.0204	1.0200
anxious	183	2.0200	1.2081
issues	184	2.0200	1.2568
finals	185	2.0200	1.3489
lawyers	186	2.0200	1.3037
didnt	187	2.0000	1.0000
rebels	188	2.0000	1.0607
doug	189	2.0000	1.2329
shatter	190	2.0000	1.0302
administration	191	2.0000	1.2649
ooo	192	1.9800	1.2081
comin	193	1.9796	0.9792
superior	194	1.9796	1.1516
graves	195	1.9600	1.1655
ain't	196	1.9600	0.9372
mess	197	1.9600	1.1128
command	198	1.9600	0.9156
closed	199	1.9600	1.2484
diagnosis	200	1.9600	0.8476
wolves	201	1.9600	1.1655
servants	202	1.9600	1.0763
slick	203	1.9592	0.9467
nervous	204	1.9592	1.0872
affairs	205	1.9592	1.2115
misidentified	206	1.9400	1.0660
stripped	207	1.9400	1.2233
busy	208	1.9400	1.0846
editorials	209	1.9400	1.1901
mortal	210	1.9400	1.1901
reference	211	1.9400	1.2068
bear	212	1.9400	1.2870
regulators	213	1.9400	1.0471
omg	214	1.9400	1.2068
strictly	215	1.9400	1.3025
saddened	216	1.9388	0.9775
emergency	217	1.9388	1.0956
arafat	218	1.9200	1.2624
taxpayers	219	1.9200	1.0741
zit	220	1.9200	1.0741
isolated	221	1.9200	1.1107
wouldn	222	1.9200	0.9968
judges	223	1.9200	1.0925
fooled	224	1.9200	1.1461
defensive	225	1.9184	0.9655
flipped	226	1.9184	1.1399
conquest	227	1.9184	1.0849
vietnam	228	1.9167	1.2720
warrior	229	1.9167	1.2555
scattered	230	1.9000	1.1000
anti	231	1.9000	0.9000
mold	232	1.9000	1.1705
financial	233	1.9000	1.0050
dread	234	1.8980	0.9948
disguise	235	1.8980	1.1472
mortality	236	1.8980	1.1293
labour	237	1.8980	1.2163
prosecutor	238	1.8958	1.0847
strife	239	1.8800	1.1426
stained	240	1.8800	0.9724
relatives	241	1.8800	1.1771
resigned	242	1.8800	1.2432
torn	243	1.8800	1.1071
unfortunate	244	1.8800	1.0127
investigating	245	1.8800	1.1600
shaking	246	1.8800	1.1771
phat	247	1.8800	1.1250
darkened	248	1.8776	1.1541
tore	249	1.8776	1.0229
brb	250	1.8776	1.0620
loose	251	1.8776	1.3191
immigrants	252	1.8600	1.0200
hide	253	1.8600	1.0200
slam	254	1.8571	1.0102
ripped	255	1.8542	1.0605
messed	256	1.8400	0.9666
lowest	257	1.8400	1.1723
strapped	258	1.8400	0.9243
todas	259	1.8400	1.0072
media	260	1.8400	1.0837
weird	261	1.8400	1.1723
blizzard	262	1.8367	1.1311
mondays	263	1.8367	1.0945
brotha	264	1.8200	0.9938
foot	265	1.8200	0.9938
rush	266	1.8200	1.2114
tremble	267	1.8200	1.0332
sticky	268	1.8200	1.0713
fluid	269	1.8200	1.0332
crush	270	1.8200	1.0713
flights	271	1.8200	1.0898
serbian	272	1.8200	1.1259
ou	273	1.8200	1.0524
raw	274	1.8200	0.8646
hype	275	1.8200	1.0898
principal	276	1.8200	1.1780
discipline	277	1.8200	1.1259
power	278	1.8200	1.0332
pit	279	1.8163	1.1189
mit	280	1.8163	1.0818
hunt	281	1.8125	1.0539
depend	282	1.8000	0.9798
ripping	283	1.8000	0.9592
plaintiff	284	1.8000	1.0770
poor's	285	1.8000	1.2490
bronx	286	1.8000	1.1314
pleaded	287	1.8000	1.1136
lack	288	1.7959	0.9685
economics	289	1.7959	1.1949
wanted	290	1.7959	1.1949
reductions	291	1.7959	0.9893
occupy	292	1.7959	1.1777
2morrow	293	1.7800	1.0638
held	294	1.7800	0.9857
cut	295	1.7800	1.0255
naked	296	1.7800	1.2536
mathematics	297	1.7800	1.2213
havent	298	1.7800	0.8784
lmfao	299	1.7800	1.1007
tattoo	300	1.7800	1.1712
ballin	301	1.7800	1.0448
conservative	302	1.7800	1.0638
melting	303	1.7800	0.9652
recalled	304	1.7800	0.9009
cuz	305	1.7800	0.9442
blunt	306	1.7800	1.0448
society	307	1.7800	1.2851
unlike	308	1.7660	0.9042
blades	309	1.7600	1.3351
israelis	310	1.7600	1.0874
wasn	311	1.7600	0.9708
chairman	312	1.7600	1.0874
economist	313	1.7600	1.0111
obligation	314	1.7600	0.9912
news	315	1.7600	1.0111
snatch	316	1.7600	1.0111
bank	317	1.7600	0.9287
cynthia	318	1.7600	1.0111
dizzy	319	1.7600	1.0874
embrace	320	1.7551	1.0600
cage	321	1.7551	1.0791
hypnotized	322	1.7551	1.0979
emo	323	1.7551	1.0791
tangled	324	1.7551	0.8697
slipped	325	1.7400	1.0920
blind	326	1.7400	1.0161
resistance	327	1.7400	0.9124
ruins	328	1.7400	0.9552
forgiven	329	1.7400	1.1280
blown	330	1.7400	1.0735
worn	331	1.7400	0.9552
dang	332	1.7400	0.9962
rags	333	1.7400	1.0356
lust	334	1.7400	0.9124
drinking	335	1.7400	1.1280
bury	336	1.7400	1.1101
assumptions	337	1.7347	1.0257
muslim	338	1.7347	1.1566
spent	339	1.7200	0.8953
ph	340	1.7200	1.0206
yah	341	1.7200	1.0400
freaky	342	1.7200	1.1321
complex	343	1.7200	1.0962
barney	344	1.7200	1.0400
jay-z	345	1.7200	1.0778
cemetery	346	1.7200	1.1321
memo	347	1.7200	1.1321
long	348	1.7200	0.9600
shack	349	1.7200	1.0400
investigators	350	1.7200	1.1839
#letsbehonest	351	1.7143	1.0690
sum1	352	1.7143	1.1952
amount	353	1.7143	1.1249
reconstruction	354	1.7000	0.9644
customers	355	1.7000	1.1533
investigate	356	1.7000	1.2845
forgotten	357	1.7000	1.0050
feelings	358	1.7000	1.0817
dum	359	1.7000	1.0247
woe	360	1.7000	0.9220
bbq	361	1.7000	0.9220
privilege	362	1.7000	1.1000
@theellenshow	363	1.7000	0.9220
tweeting	364	1.7000	0.9849
drivin	365	1.7000	1.0630
ruff	366	1.7000	1.1533
evidence	367	1.6939	0.8620
compete	368	1.6939	0.9520
temperature	369	1.6939	1.0918
chills	370	1.6939	1.0143
stimulus	371	1.6875	1.1394
homie	372	1.6875	1.2443
dependence	373	1.6800	0.9261
terrific	374	1.6800	1.1737
aint	375	1.6800	1.0088
jews	376	1.6800	1.0477
fave	377	1.6800	1.0088
serbs	378	1.6800	1.0852
tot	379	1.6800	0.9042
boundaries	380	1.6800	1.0852
inevitable	381	1.6800	0.9042
snap	382	1.6735	0.9770
jajaja	383	1.6735	1.0764
rapid	384	1.6735	1.0378
shyt	385	1.6735	0.9977
stiff	386	1.6735	0.8896
syndrome	387	1.6667	0.9428
whenever	388	1.6667	1.0475
reported	389	1.6600	1.1595
yields	390	1.6600	0.9510
hotter	391	1.6600	1.1065
mysterious	392	1.6600	0.7902
cia	393	1.6600	0.9510
classes	394	1.6600	1.1421
wont	395	1.6600	0.9718
burst	396	1.6600	0.9922
meh	397	1.6600	0.9510
missy	398	1.6600	0.9510
classified	399	1.6600	0.9297
russian	400	1.6600	0.9922
3am	401	1.6600	1.1065
reagan	402	1.6600	1.0317
boldface	403	1.6600	0.9922
hollywood	404	1.6600	0.8628
mccain	405	1.6596	1.0574
votes	406	1.6531	0.8464
erased	407	1.6400	1.0151
weighted	408	1.6400	0.9749
grin	409	1.6400	1.0346
kings	410	1.6400	1.0346
dry	411	1.6400	0.9749
collide	412	1.6400	0.9541
compelled	413	1.6400	1.1092
corrected	414	1.6400	0.8890
matrix	415	1.6400	0.9749
compare	416	1.6400	0.9541
anyhow	417	1.6400	0.9113
keepin	418	1.6400	0.8890
rt	419	1.6400	0.8890
broadcasting	420	1.6400	0.8890
horn	421	1.6400	1.0346
youu	422	1.6400	1.0726
stuffed	423	1.6327	0.9624
investigations	424	1.6250	0.9270
aan	425	1.6200	1.2147
tampa	426	1.6200	0.8459
pointed	427	1.6200	0.9357
economists	428	1.6200	0.9775
button	429	1.6200	0.9569
issue	430	1.6200	1.0176
executives	431	1.6200	0.9775
customs	432	1.6200	0.8693
athletic	433	1.6200	1.0750
gud	434	1.6200	1.0371
soldier	435	1.6122	0.9650
casa	436	1.6122	0.9218
gas	437	1.6122	1.1032
business	438	1.6000	1.0000
incidence	439	1.6000	1.0000
rain	440	1.6000	1.0000
anglo	441	1.6000	0.9592
by	442	1.6000	0.9381
academic	443	1.6000	0.9798
kijk	444	1.6000	1.1662
pretax	445	1.6000	1.0198
ohhhh	446	1.6000	0.9165
nope	447	1.6000	0.9592
coal	448	1.6000	1.0392
average	449	1.6000	0.9798
pac	450	1.6000	0.9165
period	451	1.6000	1.0198
knocks	452	1.6000	1.0583
deserved	453	1.6000	0.8944
raining	454	1.6000	0.8944
retweet	455	1.5918	0.8552
harlem	456	1.5918	1.0675
#tcot	457	1.5918	0.9881
ecstasy	458	1.5918	1.0482
laced	459	1.5918	0.9240
fulfill	460	1.5918	0.8552
pulling	461	1.5833	0.9965
hottest	462	1.5833	0.8375
minus	463	1.5800	0.9400
disclosed	464	1.5800	1.0971
soccer	465	1.5800	0.8964
verb	466	1.5800	0.9610
developers	467	1.5800	0.8964
ang	468	1.5800	0.7769
b/c	469	1.5800	0.8964
exclusively	470	1.5800	1.0787
exclusive	471	1.5800	0.8738
suitcase	472	1.5800	0.9816
#quote	473	1.5800	0.9400
alien	474	1.5800	0.9610
shoe	475	1.5800	0.9816
encounter	476	1.5800	1.0971
whispering	477	1.5800	0.9185
chase	478	1.5714	0.8571
empire	479	1.5714	0.9258
medical	480	1.5714	0.8330
hoe	481	1.5714	0.8806
popped	482	1.5625	0.8638
biblical	483	1.5625	0.9980
u	484	1.5600	0.9200
timbaland	485	1.5600	0.8754
herman	486	1.5600	1.0032
thinkin	487	1.5600	0.9415
bet	488	1.5600	0.8980
rihanna	489	1.5600	0.9415
aides	490	1.5600	1.1164
excess	491	1.5600	0.8754
autumn	492	1.5600	0.9200
mente	493	1.5600	1.1689
mask	494	1.5600	1.0032
sodium	495	1.5600	0.8754
weeks	496	1.5600	0.8285
democracy	497	1.5600	0.8754
rocky	498	1.5600	0.8980
concerned	499	1.5600	0.9625
ranging	500	1.5600	1.0800
empirical	501	1.5600	0.9415
portion	502	1.5600	0.8523
blogger	503	1.5600	0.8754
equations	504	1.5510	0.9489
jonathan	505	1.5510	0.9489
hahah	506	1.5510	0.9910
freeway	507	1.5510	1.1260
probably	508	1.5510	0.9272
adjustment	509	1.5510	0.9272
shy	510	1.5510	0.9272
halloween	511	1.5510	1.0314
ministry	512	1.5417	1.0400
unit	513	1.5417	0.9781
moan	514	1.5417	0.9119
vocals	515	1.5400	1.0993
limits	516	1.5400	0.9211
dmx	517	1.5400	1.0042
wholesalers	518	1.5400	0.9841
fav	519	1.5400	1.0042
hooked	520	1.5400	0.8991
investments	521	1.5400	0.8297
ethical	522	1.5400	0.9635
removal	523	1.5400	0.9635
merchants	524	1.5400	0.8535
carefully	525	1.5400	0.8535
valued	526	1.5400	0.8766
passing	527	1.5400	0.9425
usually	528	1.5400	0.9425
voz	529	1.5400	1.0042
def	530	1.5400	0.8535
linux	531	1.5400	0.8991
pronto	532	1.5400	0.8766
stretched	533	1.5400	1.0433
sensitivity	534	1.5400	0.9635
listenin	535	1.5400	0.8535
majesty	536	1.5400	0.9635
mathematical	537	1.5400	1.0239
gran	538	1.5400	0.9425
distance	539	1.5400	0.8991
specimens	540	1.5306	0.9498
escape	541	1.5306	0.9711
tyson	542	1.5306	0.8830
least	543	1.5306	0.9281
disclosure	544	1.5306	0.7587
gods	545	1.5306	1.0899
collections	546	1.5306	1.0710
bro	547	1.5208	0.9126
seh	548	1.5200	0.8773
puedo	549	1.5200	0.7808
defending	550	1.5200	0.7808
referred	551	1.5200	1.0048
nowhere	552	1.5200	0.8773
philosophical	553	1.5200	0.8998
diversity	554	1.5200	0.9217
volume	555	1.5200	0.9217
joint	556	1.5200	0.9217
ive	557	1.5200	0.7808
jeg	558	1.5200	0.9847
posterior	559	1.5200	1.0438
illusions	560	1.5200	0.8304
sexual	561	1.5200	1.0628
diggin	562	1.5200	0.7547
april	563	1.5200	0.9432
ownership	564	1.5200	0.9432
bosnian	565	1.5200	0.8998
kay	566	1.5200	0.8542
thin	567	1.5200	0.8542
reform	568	1.5200	0.9432
harriet	569	1.5200	0.9642
signals	570	1.5200	1.0438
immediate	571	1.5200	0.8998
tone	572	1.5200	0.9432
spending	573	1.5200	0.8998
packing	574	1.5200	0.8773
clergy	575	1.5200	0.9217
bat	576	1.5200	0.8304
mah	577	1.5200	0.8060
reducing	578	1.5200	0.8998
provision	579	1.5200	0.8304
nevertheless	580	1.5102	0.8601
biggest	581	1.5102	0.8835
facts	582	1.5102	0.9502
karaoke	583	1.5102	0.9063
languages	584	1.5102	0.9063
arthur	585	1.5000	0.7810
maybe	586	1.5000	0.8062
agents	587	1.5000	0.8544
visitation	588	1.5000	0.8775
pardon	589	1.5000	1.1180
negotiate	590	1.5000	0.8165
require	591	1.5000	0.8544
canon	592	1.5000	0.9434
reputation	593	1.5000	0.8544
contract	594	1.5000	0.8775
father	595	1.5000	0.8544
whiskey	596	1.5000	0.8898
trance	597	1.5000	0.8660
old	598	1.5000	0.8307
studies	599	1.5000	0.7550
stronger	600	1.5000	0.9849
hw	601	1.5000	0.9644
wii	602	1.5000	0.9000
traders	603	1.5000	0.9434
conclude	604	1.5000	0.8775
mystery	605	1.5000	0.9644
depois	606	1.5000	0.8775
yur	607	1.5000	0.9434
dating	608	1.5000	0.9000
involvement	609	1.5000	0.7445
p	610	1.5000	0.7810
clause	611	1.5000	0.8307
needs	612	1.5000	0.9000
issued	613	1.5000	0.9849
client	614	1.4898	0.8601
overcast	615	1.4898	0.6102
germany	616	1.4898	0.9715
campaigns	617	1.4898	0.9502
cowboys	618	1.4898	0.9285
neither	619	1.4898	0.9063
flavor	620	1.4898	0.9502
comparison	621	1.4800	0.8998
what	622	1.4800	0.8773
homeboy	623	1.4800	0.6997
olvidar	624	1.4800	0.7547
hut	625	1.4800	0.9432
newspaper	626	1.4800	0.9432
sold	627	1.4800	0.9642
interview	628	1.4800	0.8304
former	629	1.4800	0.7808
ethics	630	1.4800	0.8998
har	631	1.4800	0.9432
islanders	632	1.4800	0.9432
flipmode	633	1.4800	0.7547
sho	634	1.4800	0.9642
stamford	635	1.4800	0.9642
bold	636	1.4800	0.9432
references	637	1.4800	0.8998
interpreted	638	1.4800	0.8998
woo	639	1.4800	0.8060
crawl	640	1.4800	0.8773
inventory	641	1.4800	0.9217
revenue	642	1.4800	0.8773
chap	643	1.4800	0.7547
certainty	644	1.4800	1.0245
booty	645	1.4800	0.8542
erase	646	1.4800	0.8304
shiver	647	1.4800	0.8773
sustained	648	1.4800	0.9217
artists	649	1.4800	0.8542
riches	650	1.4800	0.7547
chancellor	651	1.4800	0.8060
infinite	652	1.4800	1.0048
manufacturing	653	1.4800	0.8998
ufc	654	1.4792	0.9787
patient's	655	1.4792	0.8895
woot	656	1.4792	0.8895
millionaire	657	1.4694	0.9058
organizations	658	1.4694	0.8830
seo	659	1.4694	0.8596
sports	660	1.4694	0.8107
naive	661	1.4694	0.8355
finna	662	1.4694	0.9058
nova	663	1.4694	0.9918
flippin	664	1.4694	0.7313
veterans	665	1.4694	0.9058
liberation	666	1.4600	0.9841
rarely	667	1.4600	0.7800
european	668	1.4600	0.8297
prevented	669	1.4600	0.7800
bff	670	1.4600	0.8297
pull	671	1.4600	1.0239
assuming	672	1.4600	0.8535
anyway	673	1.4600	0.8297
salvation	674	1.4600	0.7539
district	675	1.4600	0.7539
syracuse	676	1.4600	0.9841
doesn't	677	1.4600	0.7539
governor's	678	1.4600	0.8991
crossing	679	1.4600	0.8766
stroll	680	1.4600	0.9635
ritual	681	1.4600	0.8535
tijd	682	1.4600	0.8991
cinema	683	1.4600	0.8766
dass	684	1.4600	0.9635
accounting	685	1.4600	0.8766
'i	686	1.4600	0.9211
co-op	687	1.4600	0.8052
scott	688	1.4600	0.9841
theodore	689	1.4600	1.0239
statement	690	1.4600	0.8297
bulletin	691	1.4600	0.8991
toss	692	1.4600	0.8991
halfway	693	1.4600	0.9211
overcome	694	1.4600	0.9635
sippin	695	1.4600	0.7800
fur	696	1.4600	0.7800
ah	697	1.4600	0.8297
appointment	698	1.4600	0.7800
koch	699	1.4600	0.8297
priests	700	1.4600	0.8535
souls	701	1.4600	0.9635
episcopal	702	1.4583	0.8406
beatles	703	1.4490	0.9049
ending	704	1.4490	0.8097
subjective	705	1.4490	0.7016
lessons	706	1.4490	0.9489
b-includes	707	1.4490	0.8586
tie	708	1.4490	0.7576
adios	709	1.4490	0.9489
isnt	710	1.4490	0.7301
siento	711	1.4490	0.9489
carlos	712	1.4400	0.8523
coverage	713	1.4400	0.8285
france	714	1.4400	0.7526
girlfriend	715	1.4400	0.9200
lls	716	1.4400	0.9625
demonstration	717	1.4400	0.8285
private	718	1.4400	0.8523
gal	719	1.4400	0.8285
katie	720	1.4400	1.0032
advocate	721	1.4400	0.8040
moscow	722	1.4400	0.7787
zijn	723	1.4400	0.8285
dj	724	1.4400	0.8754
ikea	725	1.4400	0.8754
capacity	726	1.4400	0.8754
tweetdeck	727	1.4400	0.9415
quality	728	1.4400	0.7787
sensation	729	1.4400	0.8754
away	730	1.4400	0.7255
walkin	731	1.4400	0.8040
widow	732	1.4400	0.8040
y'all	733	1.4400	0.8980
schneider	734	1.4400	0.8980
une	735	1.4400	0.8754
mek	736	1.4400	0.8980
dre	737	1.4400	0.9831
members	738	1.4400	0.9200
producers	739	1.4400	0.8754
san	740	1.4400	0.9415
voices	741	1.4400	0.8523
hitherto	742	1.4400	0.7526
tendency	743	1.4400	0.8754
dripping	744	1.4400	0.7255
five-year	745	1.4400	0.9200
bom	746	1.4400	0.8285
nothings	747	1.4400	0.8285
lord	748	1.4400	0.7526
holy	749	1.4400	0.9415
kaufman	750	1.4400	0.8754
influences	751	1.4400	0.8523
einen	752	1.4400	0.8523
cliff	753	1.4400	0.8040
fuera	754	1.4400	0.9200
monetary	755	1.4375	0.7043
bubble	756	1.4286	0.6999
federation	757	1.4286	0.6701
sections	758	1.4286	0.8571
gucci	759	1.4286	0.8806
priced	760	1.4286	0.9258
conn	761	1.4286	0.8806
quel	762	1.4286	0.8806
shopping	763	1.4286	0.8330
afford	764	1.4200	0.8738
persuade	765	1.4200	0.7507
blues	766	1.4200	0.8506
preparations	767	1.4200	0.8022
anche	768	1.4200	0.8268
b-day	769	1.4200	0.8964
wah	770	1.4200	0.6954
tends	771	1.4200	0.8268
progress	772	1.4200	0.8268
nas	773	1.4200	0.6954
zeit	774	1.4200	0.8268
umbrella	775	1.4200	0.7236
positions	776	1.4200	0.7507
holdin	777	1.4200	0.8022
tho	778	1.4200	0.8022
bit	779	1.4200	0.8506
listening	780	1.4200	0.8506
heed	781	1.4200	0.8268
admit	782	1.4200	0.7507
notion	783	1.4200	0.9185
praying	784	1.4200	0.8964
pr	785	1.4200	0.6954
quick	786	1.4200	0.8022
applications	787	1.4200	0.7236
esto	788	1.4200	0.8738
dems	789	1.4200	0.9816
demi	790	1.4200	0.8506
fame	791	1.4200	0.8268
pa	792	1.4200	0.8022
captain	793	1.4200	0.8506
bobby	794	1.4200	1.1152
approaching	795	1.4200	0.6353
versus	796	1.4200	0.8268
manner	797	1.4200	0.8738
begins	798	1.4200	0.7507
theatrical	799	1.4200	0.7769
hindu	800	1.4200	0.7507
mijn	801	1.4200	0.8268
gracias	802	1.4200	0.8738
gen	803	1.4200	0.8022
josh	804	1.4200	0.8506
80's	805	1.4200	0.8268
ff	806	1.4200	0.8738
telling	807	1.4200	0.8506
turkish	808	1.4200	1.0018
contained	809	1.4200	0.8506
muero	810	1.4167	0.7862
lottery	811	1.4167	0.9317
shaggy	812	1.4167	0.7592
'em	813	1.4167	0.7022
talkin	814	1.4167	0.6401
chamber	815	1.4082	0.6975
tanto	816	1.4082	0.8061
bishops	817	1.4082	0.7537
sgt	818	1.4082	0.6975
relationships	819	1.4082	0.9240
jar	820	1.4082	0.9458
manhattan	821	1.4082	0.8552
sovereign	822	1.4082	0.9017
theology	823	1.4082	0.7261
waan	824	1.4082	0.9017
hip	825	1.4082	0.9458
attention	826	1.4082	0.8061
women	827	1.4082	0.9240
@donniewahlberg	828	1.4082	0.7803
expressions	829	1.4082	0.9458
carter	830	1.4082	0.9240
aesthetic	831	1.4043	0.8669
shakes	832	1.4043	0.6735
necessarily	833	1.4000	0.8246
whereas	834	1.4000	0.8485
professionals	835	1.4000	0.8485
implementation	836	1.4000	0.8485
hearing	837	1.4000	0.8944
tied	838	1.4000	0.7483
algo	839	1.4000	0.8485
hispanic	840	1.4000	0.8485
berlin	841	1.4000	0.9165
node	842	1.4000	0.8485
beijing	843	1.4000	0.8000
peggy	844	1.4000	0.8246
lip	845	1.4000	0.7746
doc	846	1.4000	0.7483
expanded	847	1.4000	0.8000
fits	848	1.4000	0.8718
situations	849	1.4000	0.8718
fly	850	1.4000	0.8246
brad	851	1.4000	0.8718
mexican	852	1.4000	0.8944
collar	853	1.4000	0.7483
therapeutic	854	1.4000	0.8485
themselves	855	1.4000	0.8000
seventeenth	856	1.4000	0.9165
bist	857	1.4000	0.8718
dividends	858	1.4000	0.8485
checked	859	1.4000	0.9165
behold	860	1.4000	0.7483
nun	861	1.4000	0.8718
scales	862	1.4000	0.7483
af	863	1.4000	0.8944
region	864	1.4000	0.9592
apply	865	1.4000	0.9165
lobby	866	1.4000	0.8246
boa	867	1.4000	0.7746
processing	868	1.4000	0.7483
guiding	869	1.4000	0.9381
cole	870	1.4000	0.8246
o'brien	871	1.3958	0.8352
regardless	872	1.3958	0.8836
wait	873	1.3958	0.8836
amen	874	1.3958	0.8836
baila	875	1.3878	0.8528
faced	876	1.3878	0.8285
stanley	877	1.3878	1.0064
schon	878	1.3878	0.7777
pregnancy	879	1.3878	0.7777
tuo	880	1.3878	0.8035
ni	881	1.3878	0.7777
vuoi	882	1.3878	0.8528
acts	883	1.3878	0.7510
reminded	884	1.3878	0.7510
comp	885	1.3878	0.7233
gf	886	1.3878	0.8993
substance	887	1.3800	0.7718
msn	888	1.3800	0.9357
etsy	889	1.3800	0.7718
covered	890	1.3800	0.6600
=d	891	1.3800	0.8920
obtaining	892	1.3800	0.8459
suggestions	893	1.3800	0.7718
stage	894	1.3800	0.7454
o	895	1.3800	0.8920
aimed	896	1.3800	0.8219
pls	897	1.3800	0.6896
amp	898	1.3800	0.8219
organizational	899	1.3800	0.7718
may	900	1.3800	0.6600
buyer	901	1.3800	0.6896
practical	902	1.3800	0.7181
lang	903	1.3800	0.8219
transactions	904	1.3800	0.7718
administered	905	1.3800	0.8219
definite	906	1.3800	0.8459
jag	907	1.3800	0.7718
miles	908	1.3800	0.8693
footage	909	1.3800	0.8920
agent	910	1.3800	0.9141
versions	911	1.3800	0.7454
ayer	912	1.3800	0.7972
download	913	1.3800	0.7181
harris	914	1.3800	0.9141
still	915	1.3800	0.7718
leo	916	1.3800	0.8459
signal	917	1.3800	0.7718
lateral	918	1.3800	0.8693
heels	919	1.3800	0.7972
supplied	920	1.3800	0.8693
question	921	1.3800	0.7718
faster	922	1.3800	0.8219
carnival	923	1.3800	0.8459
remainder	924	1.3800	0.8219
essentially	925	1.3800	0.7454
funds	926	1.3800	0.6600
tummy	927	1.3800	0.7181
kt	928	1.3800	0.7972
mount	929	1.3800	0.8693
tire	930	1.3800	0.7718
springs	931	1.3800	0.6896
filled	932	1.3800	0.7718
however	933	1.3800	0.7181
ding	934	1.3800	0.6600
tag	935	1.3800	0.6896
ya	936	1.3800	0.7972
huntington	937	1.3800	0.6290
luna	938	1.3800	0.8920
turn	939	1.3800	0.8219
treated	940	1.3800	0.8219
distinctive	941	1.3800	0.6290
driven	942	1.3800	0.7972
screenplay	943	1.3800	0.8920
pum	944	1.3800	0.8920
mouse	945	1.3800	0.6896
lit	946	1.3800	0.8693
sane	947	1.3750	0.8069
nicht	948	1.3750	0.6960
tested	949	1.3673	0.6607
changes	950	1.3673	0.6909
dude	951	1.3673	0.8255
daddy	952	1.3673	0.7744
heights	953	1.3673	0.6909
running	954	1.3673	0.7476
roundup	955	1.3673	0.6909
bruce	956	1.3673	0.7476
gary	957	1.3673	0.7744
steppin	958	1.3673	0.8966
loc	959	1.3673	0.6909
legacy	960	1.3673	0.6607
sih	961	1.3673	0.8255
gates	962	1.3673	0.7476
glue	963	1.3673	0.8735
technology	964	1.3673	0.7476
bernstein	965	1.3673	0.8498
desired	966	1.3673	0.7744
sein	967	1.3673	0.8004
fog	968	1.3617	0.6333
education	969	1.3600	0.9541
aspects	970	1.3600	0.6859
defined	971	1.3600	0.8429
memoir	972	1.3600	0.6560
dad	973	1.3600	0.8188
tasting	974	1.3600	0.8663
trend	975	1.3600	0.7684
entre	976	1.3600	0.6859
soo	977	1.3600	0.8663
ap	978	1.3600	0.8890
ty	979	1.3600	0.8188
llegar	980	1.3600	0.9113
felt	981	1.3600	0.6248
earlier	982	1.3600	0.6560
frequency	983	1.3600	0.7940
questa	984	1.3600	0.6859
zone	985	1.3600	0.7940
survey	986	1.3600	0.6560
occurs	987	1.3600	0.8890
nog	988	1.3600	0.8188
estimated	989	1.3600	0.6248
rubin	990	1.3600	0.7144
mack	991	1.3600	0.7419
yellow	992	1.3600	0.7684
sciences	993	1.3600	0.7684
proposals	994	1.3600	0.7144
ihr	995	1.3600	0.8188
america's	996	1.3600	0.7419
global	997	1.3600	0.7940
jewels	998	1.3600	0.7419
value	999	1.3600	0.7419
animals	1000	1.3600	0.6560
survivors	1001	1.3600	0.8429
cent	1002	1.3600	0.8188
solutions	1003	1.3600	0.7940
arlington	1004	1.3600	0.6248
miami	1005	1.3600	0.8188
oakland	1006	1.3600	0.9113
quien	1007	1.3600	0.7684
road	1008	1.3600	0.7419
ini	1009	1.3600	0.8663
bricks	1010	1.3600	0.7419
railway	1011	1.3600	0.7684
wagner	1012	1.3600	0.7144
esther	1013	1.3542	0.7770
mumbai	1014	1.3542	0.7497
shadow	1015	1.3469	0.6562
fantasy	1016	1.3469	0.5552
adopted	1017	1.3469	0.7437
benz	1018	1.3469	0.7707
kalo	1019	1.3469	0.6866
sec	1020	1.3469	0.6866
atl	1021	1.3469	0.8933
om	1022	1.3469	0.7967
increasingly	1023	1.3469	0.6244
arizona	1024	1.3469	0.7437
wrapped	1025	1.3469	0.7157
poems	1026	1.3469	0.8464
audiences	1027	1.3469	0.7707
laura	1028	1.3469	0.9379
papa	1029	1.3469	0.7967
vii	1030	1.3469	0.7157
patricia	1031	1.3469	0.8702
du	1032	1.3469	0.7157
ds	1033	1.3469	0.6866
expansion	1034	1.3469	0.7437
aide	1035	1.3469	0.8702
interpretation	1036	1.3469	0.6562
obtained	1037	1.3400	0.7102
people's	1038	1.3400	0.8628
shapiro	1039	1.3400	0.7902
lots	1040	1.3400	0.9080
skill	1041	1.3400	0.7645
investor	1042	1.3400	0.8393
desires	1043	1.3400	0.7102
owns	1044	1.3400	0.7378
strong	1045	1.3400	0.8857
popular	1046	1.3400	0.5869
rogers	1047	1.3400	0.7902
clue	1048	1.3400	0.7102
partner	1049	1.3400	0.6515
developments	1050	1.3400	0.8857
frank	1051	1.3400	0.8151
mister	1052	1.3400	0.6815
expression	1053	1.3400	0.6815
civic	1054	1.3400	0.7645
geht	1055	1.3400	0.8393
billy	1056	1.3400	0.7102
observer	1057	1.3400	0.7102
essential	1058	1.3400	0.7378
chairwoman	1059	1.3400	0.7645
lick	1060	1.3400	0.7645
haircut	1061	1.3400	0.6515
internal	1062	1.3400	0.8393
globe	1063	1.3400	0.7378
it'll	1064	1.3400	0.7102
polish	1065	1.3400	0.6515
think	1066	1.3400	0.5869
tall	1067	1.3400	0.6815
sherman	1068	1.3400	0.6815
franklin	1069	1.3400	0.7902
membership	1070	1.3400	0.8393
faith	1071	1.3400	0.8628
shift	1072	1.3400	0.7645
av	1073	1.3400	0.7645
gtgt	1074	1.3400	0.9510
priority	1075	1.3400	0.6200
reflected	1076	1.3400	0.7378
ole	1077	1.3400	0.6815
nhl	1078	1.3400	0.8857
forms	1079	1.3400	0.6200
tan	1080	1.3400	0.6815
update	1081	1.3400	0.6515
phenomenon	1082	1.3400	0.7645
stepping	1083	1.3400	0.8151
conventional	1084	1.3400	0.6815
garcia	1085	1.3400	0.7102
pieces	1086	1.3400	0.8151
ac	1087	1.3400	0.7378
romeo	1088	1.3400	0.7645
lay	1089	1.3400	0.7102
parts	1090	1.3400	0.8857
tower	1091	1.3400	0.8857
9pm	1092	1.3400	0.8857
coeur	1093	1.3400	0.8393
organs	1094	1.3400	0.6815
latin	1095	1.3400	0.7378
ones	1096	1.3400	0.8628
arrow	1097	1.3400	0.7645
left	1098	1.3333	0.8975
minimum	1099	1.3333	0.5893
motor	1100	1.3333	0.6872
series	1101	1.3333	0.8250
paul	1102	1.3333	0.8250
jewish	1103	1.3333	0.7728
rookie	1104	1.3333	0.6872
talking	1105	1.3265	0.6818
description	1106	1.3265	0.7663
declaration	1107	1.3265	0.5851
ne	1108	1.3265	0.7392
wireless	1109	1.3265	0.7925
farther	1110	1.3265	0.8179
sweep	1111	1.3265	0.5851
nurses	1112	1.3265	0.7392
filter	1113	1.3265	0.6818
hallelujah	1114	1.3265	0.7663
cincinnati	1115	1.3265	0.8179
tender	1116	1.3265	0.7925
calif	1117	1.3265	0.8424
hm	1118	1.3265	0.7111
succession	1119	1.3265	0.7111
stevie	1120	1.3265	0.7392
handling	1121	1.3200	0.6145
hier	1122	1.3200	0.7054
durch	1123	1.3200	0.6462
secretary	1124	1.3200	0.7332
bass	1125	1.3200	0.7332
flat	1126	1.3200	0.5810
roam	1127	1.3200	0.8818
dentro	1128	1.3200	0.6765
di	1129	1.3200	0.7600
connected	1130	1.3200	0.7600
explains	1131	1.3200	0.7600
countries	1132	1.3200	0.7054
realised	1133	1.3200	0.6765
delaware	1134	1.3200	0.7859
does	1135	1.3200	0.8352
possibly	1136	1.3200	0.7600
am	1137	1.3200	0.6462
party's	1138	1.3200	0.6145
effort	1139	1.3200	0.6765
premier	1140	1.3200	0.7600
athletes	1141	1.3200	0.6765
states	1142	1.3200	0.7332
seldom	1143	1.3200	0.8352
photograph	1144	1.3200	0.7054
doo	1145	1.3200	0.6145
drink	1146	1.3200	0.6462
gps	1147	1.3200	0.7859
brown	1148	1.3200	0.6145
ojos	1149	1.3200	0.7859
deeds	1150	1.3200	0.7332
someday	1151	1.3200	0.6765
apartments	1152	1.3200	0.6765
journey	1153	1.3200	0.6765
mist	1154	1.3200	0.6765
jefferson	1155	1.3200	0.7054
role	1156	1.3200	0.7054
dana	1157	1.3200	0.7332
privately	1158	1.3200	0.7859
ellis	1159	1.3200	0.6765
pena	1160	1.3200	0.6145
supported	1161	1.3200	0.8352
clip	1162	1.3200	0.6765
ties	1163	1.3200	0.7054
bridge	1164	1.3200	0.7332
existing	1165	1.3200	0.7600
o'connor	1166	1.3200	0.7054
leon	1167	1.3200	0.7054
poetry	1168	1.3200	0.7600
december	1169	1.3200	0.7054
anata	1170	1.3200	0.8109
57th	1171	1.3200	0.8109
thousands	1172	1.3200	0.7600
data	1173	1.3200	0.8352
nations	1174	1.3200	0.7332
feeding	1175	1.3200	0.6765
lawn	1176	1.3200	0.7332
dressed	1177	1.3200	0.7859
planned	1178	1.3200	0.7054
fitted	1179	1.3200	0.5810
supermarkets	1180	1.3200	0.6145
registered	1181	1.3200	0.7332
therefore	1182	1.3200	0.7332
hah	1183	1.3200	0.6462
rocked	1184	1.3200	0.6462
morality	1185	1.3200	0.6765
earning	1186	1.3125	0.7117
carrier	1187	1.3125	0.5830
whilst	1188	1.3125	0.5065
atleast	1189	1.3125	0.6177
espn	1190	1.3125	0.8455
fazer	1191	1.3125	0.6177
tha	1192	1.3125	0.7117
overseas	1193	1.3125	0.6818
sip	1194	1.3125	0.6818
sox	1195	1.3061	0.7878
rolling	1196	1.3061	0.7058
1960's	1197	1.3061	0.8133
hardly	1198	1.3061	0.5787
id	1199	1.3061	0.6762
randomly	1200	1.3061	0.6762
vancouver	1201	1.3061	0.8133
pero	1202	1.3061	0.6454
halo	1203	1.3061	0.7341
viva	1204	1.3061	0.8620
uu	1205	1.3061	0.7058
gulf	1206	1.3061	0.7058
density	1207	1.3061	0.6762
purchase	1208	1.3061	0.6129
cambridge	1209	1.3061	0.7341
tes	1210	1.3061	0.7614
sai	1211	1.3000	0.7000
demonstrated	1212	1.3000	0.7810
reaching	1213	1.3000	0.7550
niece	1214	1.3000	0.7810
models	1215	1.3000	0.7000
ridge	1216	1.3000	0.7280
bedtime	1217	1.3000	0.6083
junior	1218	1.3000	0.6403
sera	1219	1.3000	0.7810
nights	1220	1.3000	0.7550
fix	1221	1.3000	0.7550
finite	1222	1.3000	0.6403
surprise	1223	1.3000	0.7280
custom	1224	1.3000	0.5385
passage	1225	1.3000	0.7550
agreement	1226	1.3000	0.6708
nov	1227	1.3000	0.6083
designated	1228	1.3000	0.6708
suite	1229	1.3000	0.7000
spray	1230	1.3000	0.6403
oooo	1231	1.3000	0.7280
shape	1232	1.3000	0.6708
assigned	1233	1.3000	0.7280
scholarship	1234	1.3000	0.8062
blonde	1235	1.3000	0.7000
ira	1236	1.3000	0.7810
alternatives	1237	1.3000	0.6708
record	1238	1.3000	0.6403
glory	1239	1.3000	0.8307
mike	1240	1.3000	0.8062
neighborhood	1241	1.3000	0.5385
dawning	1242	1.3000	0.7000
vas	1243	1.3000	0.7000
atoms	1244	1.3000	0.8307
sullivan	1245	1.3000	0.8544
informal	1246	1.3000	0.8307
stacks	1247	1.3000	0.8775
same	1248	1.3000	0.6403
stuff	1249	1.3000	0.6403
graphics	1250	1.3000	0.7550
scripture	1251	1.3000	0.6403
babes	1252	1.3000	0.7280
meyer	1253	1.3000	0.6708
pro	1254	1.3000	0.6403
circular	1255	1.3000	0.7550
facilities	1256	1.3000	0.7810
phone	1257	1.3000	0.7810
hamilton	1258	1.3000	0.8544
binding	1259	1.3000	0.5745
beans	1260	1.3000	0.7280
transaction	1261	1.3000	0.5745
zal	1262	1.2979	0.6815
newsstands	1263	1.2917	0.7348
williams	1264	1.2917	0.7626
manners	1265	1.2917	0.5758
advised	1266	1.2917	0.6110
sympathetic	1267	1.2917	0.5758
vivo	1268	1.2917	0.5758
android	1269	1.2917	0.6110
photoshop	1270	1.2917	0.7895
selling	1271	1.2917	0.5758
females	1272	1.2917	0.7348
menos	1273	1.2917	0.6757
olympic	1274	1.2857	0.7284
corazon	1275	1.2857	0.6999
dance	1276	1.2857	0.6999
niente	1277	1.2857	0.6389
balls	1278	1.2857	0.7284
iya	1279	1.2857	0.7825
chapels	1280	1.2857	0.7559
fr	1281	1.2857	0.5714
colour	1282	1.2857	0.7559
stuart	1283	1.2857	0.6701
sixty	1284	1.2857	0.8330
baked	1285	1.2857	0.6061
communities	1286	1.2857	0.6061
charter	1287	1.2857	0.6389
nena	1288	1.2857	0.7284
tank	1289	1.2857	0.6999
wholly	1290	1.2857	0.6701
characterized	1291	1.2857	0.6701
appointed	1292	1.2857	0.7825
gots	1293	1.2857	0.6061
india	1294	1.2857	0.6701
explore	1295	1.2857	0.6061
greenwich	1296	1.2857	0.6701
except	1297	1.2857	0.6999
story	1298	1.2857	0.7825
borne	1299	1.2857	0.6701
speakers	1300	1.2857	0.7559
wide	1301	1.2857	0.6999
wk	1302	1.2857	0.5345
preliminary	1303	1.2857	0.6999
surrounds	1304	1.2857	0.6701
league	1305	1.2857	0.5345
sailor	1306	1.2800	0.5307
denver	1307	1.2800	0.6013
beers	1308	1.2800	0.6940
perfume	1309	1.2800	0.7222
areas	1310	1.2800	0.7756
surprisingly	1311	1.2800	0.7756
follows	1312	1.2800	0.7494
aid	1313	1.2800	0.5671
across	1314	1.2800	0.8495
sponsored	1315	1.2800	0.6337
holidays	1316	1.2800	0.7494
circulation	1317	1.2800	0.7222
pianist	1318	1.2800	0.7494
muy	1319	1.2800	0.5671
apartment	1320	1.2800	0.6940
ie	1321	1.2800	0.7222
finished	1322	1.2800	0.7494
flown	1323	1.2800	0.7222
lu	1324	1.2800	0.7756
doorway	1325	1.2800	0.7222
crop	1326	1.2800	0.8010
irish	1327	1.2800	0.6013
grasp	1328	1.2800	0.7222
plains	1329	1.2800	0.7756
recuerdo	1330	1.2800	0.6645
aware	1331	1.2800	0.6013
soil	1332	1.2800	0.5307
arnold	1333	1.2800	0.8256
will	1334	1.2800	0.7222
assets	1335	1.2800	0.7494
tea	1336	1.2800	0.6645
soul	1337	1.2800	0.6645
lights	1338	1.2800	0.8256
varieties	1339	1.2800	0.6645
princes	1340	1.2800	0.7494
dates	1341	1.2800	0.6645
yeah	1342	1.2800	0.7222
drew	1343	1.2800	0.7222
fitness	1344	1.2800	0.8256
sensory	1345	1.2800	0.6337
ink	1346	1.2800	0.6645
dozens	1347	1.2800	0.7222
maryland	1348	1.2800	0.7756
fo	1349	1.2800	0.6013
dictionary	1350	1.2800	0.8010
guitars	1351	1.2800	0.6013
portrait	1352	1.2800	0.7756
mmm	1353	1.2800	0.7222
hai	1354	1.2800	0.7222
rewind	1355	1.2800	0.6940
consciousness	1356	1.2800	0.7756
theatre	1357	1.2800	0.5671
outlets	1358	1.2800	0.6940
equally	1359	1.2800	0.6337
marvin	1360	1.2800	0.6337
construct	1361	1.2800	0.7222
manuscript	1362	1.2800	0.7222
bell	1363	1.2800	0.6645
weg	1364	1.2800	0.6645
land	1365	1.2800	0.7222
hoping	1366	1.2708	0.7286
producing	1367	1.2708	0.6034
pets	1368	1.2708	0.6370
reviewer	1369	1.2708	0.6994
evan	1370	1.2708	0.6034
asking	1371	1.2708	0.6034
bid	1372	1.2708	0.5679
exchanges	1373	1.2708	0.6370
secondary	1374	1.2708	0.5679
phyllis	1375	1.2708	0.8352
far	1376	1.2653	0.6933
perception	1377	1.2653	0.7766
entry	1378	1.2653	0.6632
forex	1379	1.2653	0.7498
1960s	1380	1.2653	0.5985
brick	1381	1.2653	0.6933
somehow	1382	1.2653	0.7221
state	1383	1.2653	0.5634
latest	1384	1.2653	0.8275
nitrogen	1385	1.2653	0.6933
powder	1386	1.2653	0.6933
antiques	1387	1.2653	0.6933
sp	1388	1.2653	0.7498
activities	1389	1.2653	0.5634
ron	1390	1.2653	0.6933
existence	1391	1.2653	0.5985
broader	1392	1.2653	0.6933
observation	1393	1.2653	0.5634
hrs	1394	1.2653	0.5985
n	1395	1.2653	0.6632
resolve	1396	1.2653	0.5985
taiwan	1397	1.2653	0.5259
earnings	1398	1.2653	0.5985
affection	1399	1.2600	0.6873
inches	1400	1.2600	0.8440
collected	1401	1.2600	0.6873
elaborate	1402	1.2600	0.6264
alleen	1403	1.2600	0.5936
correct	1404	1.2600	0.6873
angeles	1405	1.2600	0.6576
uma	1406	1.2600	0.7952
ebook	1407	1.2600	0.7158
drive	1408	1.2600	0.5936
flying	1409	1.2600	0.6873
tienes	1410	1.2600	0.7158
widely	1411	1.2600	0.6576
let	1412	1.2600	0.5936
picks	1413	1.2600	0.6576
cafe	1414	1.2600	0.7697
arrival	1415	1.2600	0.5936
bin	1416	1.2600	0.6264
infant	1417	1.2600	0.6873
diamonds	1418	1.2600	0.7432
c'est	1419	1.2600	0.7158
cm	1420	1.2600	0.7697
equality	1421	1.2600	0.6576
edinburgh	1422	1.2600	0.7158
pumpkin	1423	1.2600	0.6264
nearly	1424	1.2600	0.5589
scent	1425	1.2600	0.7697
puerto	1426	1.2600	0.6576
jenny	1427	1.2600	0.5936
samples	1428	1.2600	0.7697
premiere	1429	1.2600	0.5936
smart	1430	1.2600	0.6576
silk	1431	1.2600	0.7158
although	1432	1.2600	0.5936
acceptance	1433	1.2600	0.6576
19th	1434	1.2600	0.5589
dot	1435	1.2600	0.5219
varying	1436	1.2600	0.5936
woman	1437	1.2600	0.5589
volunteer	1438	1.2600	0.6576
alma	1439	1.2600	0.5936
allow	1440	1.2600	0.6873
worlds	1441	1.2600	0.7432
forward	1442	1.2600	0.6576
daniel	1443	1.2600	0.6576
walsh	1444	1.2600	0.7697
sincere	1445	1.2600	0.6873
w/	1446	1.2600	0.7432
promotion	1447	1.2600	0.7158
chillin	1448	1.2600	0.5589
turns	1449	1.2600	0.6576
saving	1450	1.2600	0.6576
always	1451	1.2600	0.6264
lagi	1452	1.2600	0.6264
satisfactory	1453	1.2600	0.7158
10th	1454	1.2600	0.7697
agree	1455	1.2600	0.5936
such	1456	1.2600	0.6576
bei	1457	1.2600	0.7432
upward	1458	1.2600	0.6264
proved	1459	1.2600	0.5936
cutie	1460	1.2600	0.7158
metal	1461	1.2600	0.5589
substantial	1462	1.2600	0.6264
memories	1463	1.2600	0.5589
exact	1464	1.2600	0.6264
gradually	1465	1.2600	0.5936
lists	1466	1.2600	0.6264
youth	1467	1.2500	0.4787
organ	1468	1.2500	0.5951
track	1469	1.2500	0.5204
lead	1470	1.2449	0.5901
clerk	1471	1.2449	0.6237
resulting	1472	1.2449	0.5163
we're	1473	1.2449	0.7152
commerce	1474	1.2449	0.5163
paid	1475	1.2449	0.5544
woah	1476	1.2449	0.6237
accounts	1477	1.2449	0.7431
current	1478	1.2449	0.7701
knight	1479	1.2449	0.6556
lah	1480	1.2449	0.6556
remind	1481	1.2449	0.5544
remark	1482	1.2449	0.5901
milton	1483	1.2449	0.7431
hartford	1484	1.2449	0.5901
proceed	1485	1.2449	0.6237
pose	1486	1.2449	0.6860
pick	1487	1.2449	0.6237
amber	1488	1.2449	0.6237
secure	1489	1.2449	0.6860
vital	1490	1.2449	0.5901
jus	1491	1.2449	0.5901
plain	1492	1.2400	0.5851
ancient	1493	1.2400	0.7632
national	1494	1.2400	0.6499
state's	1495	1.2400	0.6184
it	1496	1.2400	0.7889
fam	1497	1.2400	0.5122
pants	1498	1.2400	0.6499
atmosphere	1499	1.2400	0.6800
sentences	1500	1.2400	0.6800
purchased	1501	1.2400	0.6800
plane	1502	1.2400	0.5499
chocolate	1503	1.2400	0.6184
branch	1504	1.2400	0.5499
or	1505	1.2400	0.5851
mechanical	1506	1.2400	0.5851
cover	1507	1.2400	0.5851
greene	1508	1.2400	0.7632
amongst	1509	1.2400	0.7088
ace	1510	1.2400	0.5499
mobile	1511	1.2400	0.6499
cookies	1512	1.2400	0.7632
somebody	1513	1.2400	0.5499
grateful	1514	1.2400	0.7088
adam	1515	1.2400	0.7632
we'd	1516	1.2400	0.5499
moves	1517	1.2400	0.5851
sean	1518	1.2400	0.7088
england	1519	1.2400	0.7088
smith	1520	1.2400	0.6184
big	1521	1.2400	0.5499
jimmy	1522	1.2400	0.6499
dynamic	1523	1.2400	0.7088
eastside	1524	1.2400	0.7365
briefly	1525	1.2400	0.5122
johnson	1526	1.2400	0.6499
pamela	1527	1.2400	0.5851
exhibition	1528	1.2400	0.6184
mile	1529	1.2400	0.5851
dell	1530	1.2400	0.5499
sending	1531	1.2400	0.6499
gives	1532	1.2400	0.6184
kevin	1533	1.2400	0.5122
his	1534	1.2400	0.5499
evening	1535	1.2400	0.8139
heritage	1536	1.2400	0.7365
because	1537	1.2400	0.6184
well	1538	1.2400	0.7632
han	1539	1.2400	0.6800
grammy	1540	1.2400	0.5499
candy	1541	1.2400	0.7365
outdoor	1542	1.2400	0.6499
protected	1543	1.2400	0.5851
covering	1544	1.2400	0.7088
fully	1545	1.2400	0.5851
daughter	1546	1.2400	0.7088
certain	1547	1.2400	0.5851
soap	1548	1.2400	0.6800
sheep	1549	1.2400	0.5851
abstract	1550	1.2400	0.5499
sono	1551	1.2400	0.6800
combo	1552	1.2400	0.5122
searched	1553	1.2400	0.5499
sharon	1554	1.2400	0.6499
worth	1555	1.2400	0.6184
presence	1556	1.2400	0.5851
mix	1557	1.2400	0.5851
broad	1558	1.2400	0.6499
rides	1559	1.2400	0.6499
circles	1560	1.2400	0.7889
ideal	1561	1.2400	0.5122
kerry	1562	1.2400	0.5122
instant	1563	1.2292	0.5099
veteran	1564	1.2292	0.5492
nee	1565	1.2292	0.5492
tale	1566	1.2292	0.6205
mm	1567	1.2292	0.5492
somethin	1568	1.2292	0.5859
skills	1569	1.2245	0.6473
how's	1570	1.2245	0.6473
wayne	1571	1.2245	0.6150
hs	1572	1.2245	0.6150
albert	1573	1.2245	0.5808
grandfather	1574	1.2245	0.6473
rises	1575	1.2245	0.5808
climbing	1576	1.2245	0.6150
memphis	1577	1.2245	0.6150
civilization	1578	1.2245	0.6473
ounce	1579	1.2245	0.6781
sets	1580	1.2245	0.7358
leven	1581	1.2245	0.6781
reverse	1582	1.2245	0.6781
optical	1583	1.2245	0.6781
gloria	1584	1.2245	0.7358
performed	1585	1.2245	0.5808
tomorrow's	1586	1.2245	0.6781
arrived	1587	1.2245	0.7358
directly	1588	1.2245	0.5446
dreams	1589	1.2245	0.6781
she	1590	1.2245	0.6150
belonging	1591	1.2245	0.5446
related	1592	1.2245	0.5446
led	1593	1.2245	0.6473
rear	1594	1.2245	0.5808
wana	1595	1.2245	0.7075
sylvia	1596	1.2245	0.6150
amsterdam	1597	1.2200	0.7291
walking	1598	1.2200	0.7291
blew	1599	1.2200	0.5758
helen	1600	1.2200	0.6416
foundation	1601	1.2200	0.5016
link	1602	1.2200	0.5758
band	1603	1.2200	0.6416
milwaukee	1604	1.2200	0.6720
conversation	1605	1.2200	0.6720
bloom	1606	1.2200	0.6720
palmer	1607	1.2200	0.6096
frances	1608	1.2200	0.5400
jesse	1609	1.2200	0.6416
essence	1610	1.2200	0.5400
interior	1611	1.2200	0.6720
theaters	1612	1.2200	0.6096
abc	1613	1.2200	0.6416
giving	1614	1.2200	0.6416
profile	1615	1.2200	0.5758
placing	1616	1.2200	0.4600
atlantic	1617	1.2200	0.5758
mellow	1618	1.2200	0.6096
bright	1619	1.2200	0.7291
shop	1620	1.2200	0.6096
boca	1621	1.2200	0.6096
footsteps	1622	1.2200	0.5400
united	1623	1.2200	0.6416
waves	1624	1.2200	0.5758
ray	1625	1.2200	0.6096
century	1626	1.2200	0.6096
travel	1627	1.2200	0.5400
timber	1628	1.2200	0.5758
famous	1629	1.2200	0.6096
maureen	1630	1.2200	0.5758
fact	1631	1.2200	0.6416
males	1632	1.2200	0.6416
donna	1633	1.2200	0.6096
lisa	1634	1.2200	0.6720
sent	1635	1.2200	0.5400
diaries	1636	1.2200	0.5758
cultivated	1637	1.2200	0.5400
gate	1638	1.2200	0.5400
florence	1639	1.2200	0.7011
stays	1640	1.2200	0.4600
whole	1641	1.2200	0.5400
xm	1642	1.2200	0.8072
respectively	1643	1.2200	0.5016
came	1644	1.2200	0.7011
per	1645	1.2200	0.4600
legend	1646	1.2083	0.6442
asi	1647	1.2083	0.4061
slim	1648	1.2083	0.5758
vida	1649	1.2083	0.7059
atm	1650	1.2083	0.5385
gardening	1651	1.2083	0.5385
examined	1652	1.2083	0.5758
symbol	1653	1.2083	0.7348
pronounced	1654	1.2083	0.4983
rehearsal	1655	1.2083	0.5758
tract	1656	1.2083	0.5758
backyard	1657	1.2083	0.6757
lg	1658	1.2041	0.6054
saves	1659	1.2041	0.4940
fair	1660	1.2041	0.4940
fa	1661	1.2041	0.6993
it'd	1662	1.2041	0.5707
coupon	1663	1.2041	0.6054
would	1664	1.2041	0.4940
summertime	1665	1.2041	0.5707
pin	1666	1.2041	0.6382
dice	1667	1.2041	0.4940
towards	1668	1.2041	0.5337
den	1669	1.2041	0.4508
times	1670	1.2041	0.5707
forest	1671	1.2041	0.6054
civil	1672	1.2041	0.6694
absorption	1673	1.2041	0.5707
engineers	1674	1.2041	0.4940
emerged	1675	1.2041	0.4940
bags	1676	1.2041	0.7554
carried	1677	1.2041	0.4940
presentation	1678	1.2041	0.6054
alison	1679	1.2041	0.6054
ways	1680	1.2041	0.5337
ours	1681	1.2041	0.6382
glowing	1682	1.2041	0.6694
relax	1683	1.2041	0.7554
goes	1684	1.2041	0.6054
spaces	1685	1.2041	0.6382
thursday	1686	1.2000	0.6000
dan	1687	1.2000	0.5292
preface	1688	1.2000	0.4472
asked	1689	1.2000	0.5657
poi	1690	1.2000	0.4472
flag	1691	1.2000	0.6000
cool	1692	1.2000	0.5657
appears	1693	1.2000	0.4000
north	1694	1.2000	0.6633
options	1695	1.2000	0.6633
eye	1696	1.2000	0.6325
cake	1697	1.2000	0.6325
hero	1698	1.2000	0.5657
understood	1699	1.2000	0.5657
turned	1700	1.2000	0.4000
beings	1701	1.2000	0.5292
mesmo	1702	1.2000	0.5292
acres	1703	1.2000	0.4899
john's	1704	1.2000	0.4899
's	1705	1.2000	0.6325
protein	1706	1.2000	0.6928
units	1707	1.2000	0.6325
composed	1708	1.2000	0.5292
marcus	1709	1.2000	0.6325
molecules	1710	1.2000	0.5657
determination	1711	1.2000	0.4899
drawers	1712	1.2000	0.5292
looked	1713	1.2000	0.6000
us	1714	1.2000	0.4899
oliver	1715	1.2000	0.6928
any	1716	1.2000	0.4899
wonders	1717	1.2000	0.7211
singer	1718	1.2000	0.5292
streams	1719	1.2000	0.6000
sculpture	1720	1.2000	0.6000
sidney	1721	1.2000	0.5657
involving	1722	1.2000	0.5657
newest	1723	1.2000	0.6928
alaska	1724	1.2000	0.6928
o'neill	1725	1.2000	0.6000
rhyme	1726	1.2000	0.4472
missouri	1727	1.1875	0.4405
surrounding	1728	1.1875	0.4855
tyler	1729	1.1875	0.5648
sort	1730	1.1875	0.5266
physicians	1731	1.1875	0.5648
neutral	1732	1.1875	0.4405
given	1733	1.1875	0.5648
theater	1734	1.1875	0.4855
bc	1735	1.1875	0.4855
moms	1736	1.1875	0.5648
concepts	1737	1.1875	0.4855
l	1738	1.1875	0.5266
singapore	1739	1.1875	0.5648
editions	1740	1.1875	0.6663
practice	1741	1.1875	0.6006
friend	1742	1.1837	0.6903
easter	1743	1.1837	0.6600
icon	1744	1.1837	0.5950
accordingly	1745	1.1837	0.6903
doors	1746	1.1837	0.7192
starry	1747	1.1837	0.5596
christmas	1748	1.1837	0.5219
connect	1749	1.1837	0.5950
oooooh	1750	1.1837	0.4812
showing	1751	1.1837	0.5596
award	1752	1.1837	0.7192
treat	1753	1.1837	0.4812
landscape	1754	1.1837	0.5219
prince	1755	1.1837	0.6600
hes	1756	1.1837	0.5950
passages	1757	1.1837	0.4812
materials	1758	1.1837	0.5596
science	1759	1.1800	0.5546
generated	1760	1.1800	0.4771
tierra	1761	1.1800	0.5173
gets	1762	1.1800	0.5173
online	1763	1.1800	0.5173
mins	1764	1.1800	0.5546
learning	1765	1.1800	0.4771
solution	1766	1.1800	0.4331
massage	1767	1.1800	0.5173
luckily	1768	1.1800	0.4771
their	1769	1.1800	0.4771
sitting	1770	1.1800	0.6226
car	1771	1.1800	0.4771
cookie	1772	1.1800	0.4331
painting	1773	1.1800	0.5546
corn	1774	1.1800	0.5896
understands	1775	1.1800	0.6226
common	1776	1.1800	0.4331
grandmother	1777	1.1800	0.7125
makers	1778	1.1800	0.4771
swim	1779	1.1800	0.5173
film	1780	1.1800	0.5173
albums	1781	1.1800	0.4771
cute	1782	1.1800	0.6838
diary	1783	1.1800	0.5173
candles	1784	1.1800	0.6539
shes	1785	1.1800	0.4331
wings	1786	1.1800	0.5546
central	1787	1.1800	0.5173
wheel	1788	1.1800	0.5546
splendid	1789	1.1800	0.4331
salad	1790	1.1800	0.3842
hat	1791	1.1800	0.5546
fm	1792	1.1800	0.4771
joined	1793	1.1800	0.5173
fresh	1794	1.1667	0.4714
treasure	1795	1.1667	0.5137
sarah	1796	1.1667	0.6236
i'll	1797	1.1667	0.5528
he	1798	1.1667	0.4714
mc	1799	1.1667	0.5528
anniversary	1800	1.1667	0.5528
click	1801	1.1667	0.5137
endorsed	1802	1.1667	0.4249
tus	1803	1.1667	0.4249
traded	1804	1.1667	0.5137
station	1805	1.1667	0.5137
cornell	1806	1.1667	0.5893
requested	1807	1.1633	0.5090
ears	1808	1.1633	0.7099
path	1809	1.1633	0.5476
dee	1810	1.1633	0.4672
cord	1811	1.1633	0.5837
june	1812	1.1633	0.4212
vacation	1813	1.1633	0.7099
1st	1814	1.1633	0.5476
dave	1815	1.1633	0.4212
truth	1816	1.1633	0.3696
raton	1817	1.1633	0.5837
van	1818	1.1633	0.4672
resort	1819	1.1633	0.4672
dna	1820	1.1633	0.5476
respect	1821	1.1633	0.4672
kissed	1822	1.1633	0.5090
water	1823	1.1600	0.6119
saying	1824	1.1600	0.4176
garlic	1825	1.1600	0.4176
regards	1826	1.1600	0.4630
lullaby	1827	1.1600	0.4630
visits	1828	1.1600	0.4630
ml	1829	1.1600	0.5044
want	1830	1.1600	0.3666
all	1831	1.1600	0.5044
grandsons	1832	1.1600	0.4176
originally	1833	1.1600	0.4630
could	1834	1.1600	0.4630
potatoes	1835	1.1600	0.5044
intelligence	1836	1.1600	0.4630
barometer	1837	1.1600	0.4176
gordon	1838	1.1600	0.5044
dine	1839	1.1600	0.4176
partnership	1840	1.1600	0.5044
roses	1841	1.1600	0.5044
surface	1842	1.1600	0.5426
valid	1843	1.1600	0.4176
ok	1844	1.1600	0.5044
northeast	1845	1.1600	0.5044
bath	1846	1.1600	0.5044
devotion	1847	1.1600	0.4630
toy	1848	1.1600	0.6437
goals	1849	1.1600	0.5044
thoughts	1850	1.1600	0.4176
laughter	1851	1.1600	0.4630
jeanne	1852	1.1600	0.4176
cave	1853	1.1600	0.3666
km/h	1854	1.1522	0.4647
jay	1855	1.1489	0.5044
villages	1856	1.1489	0.4603
rd	1857	1.1458	0.4996
appreciation	1858	1.1458	0.4077
considerably	1859	1.1458	0.4996
himself	1860	1.1458	0.4077
exhibit	1861	1.1458	0.4077
columns	1862	1.1458	0.4077
contigo	1863	1.1458	0.4077
feature	1864	1.1458	0.4077
friendship	1865	1.1458	0.4560
civilians	1866	1.1458	0.4560
annie	1867	1.1429	0.6389
nearest	1868	1.1429	0.5345
like	1869	1.1429	0.4041
ball	1870	1.1429	0.6061
proteins	1871	1.1429	0.4949
costumes	1872	1.1429	0.4041
perceived	1873	1.1429	0.4041
cattle	1874	1.1429	0.4518
sally	1875	1.1429	0.5345
letting	1876	1.1429	0.4949
feliz	1877	1.1429	0.4518
fishing	1878	1.1429	0.4949
agricultural	1879	1.1429	0.5345
device	1880	1.1429	0.5345
years	1881	1.1429	0.4518
position	1882	1.1429	0.4949
orange	1883	1.1429	0.5345
km	1884	1.1429	0.4518
opens	1885	1.1429	0.5345
whether	1886	1.1429	0.5345
ocean	1887	1.1429	0.4041
gentle	1888	1.1400	0.5660
blessings	1889	1.1400	0.4903
specialized	1890	1.1400	0.3470
great-grandchildren	1891	1.1400	0.4903
we'll	1892	1.1400	0.6328
continuous	1893	1.1400	0.4477
let's	1894	1.1400	0.4477
inspired	1895	1.1400	0.4477
twin	1896	1.1400	0.4477
butter	1897	1.1400	0.5295
cupcake	1898	1.1400	0.5295
brilliant	1899	1.1400	0.3470
pleasant	1900	1.1400	0.5295
a	1901	1.1400	0.4477
resolved	1902	1.1400	0.4477
machinery	1903	1.1400	0.4903
greatly	1904	1.1400	0.6003
handsome	1905	1.1400	0.4903
4-bedroom	1906	1.1400	0.4477
a1	1907	1.1400	0.5295
hawaii	1908	1.1400	0.4903
feeds	1909	1.1277	0.3923
knees	1910	1.1250	0.3307
everywhere	1911	1.1250	0.4841
geographical	1912	1.1250	0.3886
decent	1913	1.1250	0.4390
momento	1914	1.1250	0.4390
characteristics	1915	1.1250	0.3307
mineral	1916	1.1250	0.5254
spoken	1917	1.1224	0.3851
hello	1918	1.1224	0.4795
curtains	1919	1.1224	0.3278
thursdays	1920	1.1224	0.3851
combinations	1921	1.1224	0.4348
light	1922	1.1224	0.4348
antonio	1923	1.1224	0.5936
eight	1924	1.1224	0.3851
brian	1925	1.1224	0.3851
vessel	1926	1.1224	0.4348
balanced	1927	1.1224	0.5936
book	1928	1.1224	0.3851
wright	1929	1.1224	0.3851
of	1930	1.1224	0.5203
star	1931	1.1224	0.3851
sufficiently	1932	1.1224	0.3851
skirt	1933	1.1200	0.3816
cultural	1934	1.1200	0.3250
individual	1935	1.1200	0.3816
style	1936	1.1200	0.3250
green	1937	1.1200	0.4750
kissing	1938	1.1200	0.3250
topic	1939	1.1200	0.4750
active	1940	1.1200	0.4308
agreed	1941	1.1200	0.3816
shoes	1942	1.1200	0.3816
extend	1943	1.1200	0.4308
thrill	1944	1.1200	0.3816
lime	1945	1.1200	0.3816
making	1946	1.1200	0.3250
banana	1947	1.1200	0.4750
perfectly	1948	1.1200	0.4750
dozen	1949	1.1200	0.3816
number	1950	1.1200	0.3816
square	1951	1.1200	0.3816
dining	1952	1.1200	0.4750
landing	1953	1.1064	0.3710
turner	1954	1.1042	0.3055
wins	1955	1.1042	0.3674
measures	1956	1.1042	0.3674
preserved	1957	1.1042	0.3674
said	1958	1.1042	0.3674
arts	1959	1.1020	0.3639
pilot	1960	1.1020	0.3027
featured	1961	1.1020	0.4162
product	1962	1.1020	0.4162
new	1963	1.1020	0.4162
recording	1964	1.1020	0.3639
clearer	1965	1.1020	0.4162
celebrate	1966	1.1000	0.3606
relaxing	1967	1.1000	0.4583
qualities	1968	1.1000	0.3606
successful	1969	1.1000	0.4583
sofa	1970	1.1000	0.3000
bedroom	1971	1.1000	0.3606
care	1972	1.1000	0.3606
row	1973	1.1000	0.4123
levels	1974	1.0833	0.3436
entrance	1975	1.0833	0.3436
circle	1976	1.0833	0.3436
fruit	1977	1.0816	0.3957
leaf	1978	1.0816	0.4443
tokyo	1979	1.0816	0.2738
word	1980	1.0816	0.4443
inch	1981	1.0800	0.2713
wonderful	1982	1.0800	0.2713
joy	1983	1.0800	0.4400
cheese	1984	1.0800	0.2713
kind	1985	1.0800	0.3370
right	1986	1.0800	0.2713
dear	1987	1.0800	0.3370
jokes	1988	1.0625	0.2421
breast	1989	1.0625	0.2421
play	1990	1.0612	0.3135
idea	1991	1.0600	0.3105
daughter-in-law	1992	1.0600	0.2375
properties	1993	1.0600	0.3105
amazon	1994	1.0600	0.2375
piano	1995	1.0600	0.3105
stars	1996	1.0600	0.2375
tasty	1997	1.0400	0.1960
thankful	1998	1.0204	0.1414
happy	1999	1.0000	0.0000
