war	0	4.1600	1.0072
tortured	1	3.7400	1.2777
whore	2	3.6735	1.3908
torture	3	3.6600	1.3654
murdered	4	3.6600	1.4087
asshole	5	3.5600	1.2831
killer	6	3.5510	1.4991
motherfucker	7	3.5400	1.3596
died	8	3.4800	1.4316
holocaust	9	3.4000	1.6371
bombing	10	3.3800	1.4818
death	11	3.3800	1.5861
killin	12	3.3000	1.3748
hate	13	3.2449	1.2541
rotting	14	3.2000	1.3856
nigga	15	3.1429	1.4708
smoking	16	3.1400	1.6494
fraud	17	3.1200	1.4091
lies	18	3.1000	1.2845
fuckin	19	3.0833	1.4410
tobacco	20	3.0800	1.5078
bitch	21	3.0400	1.4417
retarded	22	3.0400	1.3994
devil	23	3.0000	1.5620
ass	24	2.9796	1.3775
dislike	25	2.9600	1.2643
failure	26	2.9400	1.4616
hangover	27	2.9388	1.1141
slaves	28	2.9388	1.4626
infection	29	2.9184	1.4262
monsters	30	2.8600	1.4562
gore	31	2.8600	1.5364
jail	32	2.8600	1.5233
monster	33	2.8571	1.4569
burnin	34	2.8400	1.4881
screwed	35	2.7800	1.1187
hates	36	2.7600	1.3793
violations	37	2.7600	1.2737
pollution	38	2.7400	1.5467
violent	39	2.7200	1.4838
suffering	40	2.7200	1.5753
unemployment	41	2.7000	1.3000
mold	42	2.7000	1.3454
betray	43	2.7000	1.4866
aids	44	2.6939	1.6314
dying	45	2.6800	1.5289
damages	46	2.6800	1.4483
hurting	47	2.6600	1.3358
missing	48	2.6400	1.3529
disrespect	49	2.6327	1.2070
shawty	50	2.6250	1.2686
fatal	51	2.6000	1.2490
offensive	52	2.6000	1.4000
suck	53	2.5800	1.2015
fake	54	2.5800	1.3578
depressed	55	2.5800	1.4709
fought	56	2.5600	1.1342
bleed	57	2.5400	1.2363
no	58	2.5400	1.3887
savage	59	2.5400	1.4030
zit	60	2.5200	1.4865
dammit	61	2.5102	1.3267
needles	62	2.5000	1.2530
kick	63	2.4898	1.2956
deadly	64	2.4600	1.4451
sucks	65	2.4600	1.2200
ich	66	2.4600	1.2200
difficult	67	2.4600	1.3448
recession	68	2.4400	1.4988
resignation	69	2.4400	1.2027
mad	70	2.4400	1.2192
training	71	2.4200	1.2663
dump	72	2.4082	1.2764
sinner	73	2.4000	1.3565
bugs	74	2.4000	1.3856
guilty	75	2.4000	1.4832
anger	76	2.3800	1.2944
rob	77	2.3800	1.4952
surgery	78	2.3800	1.5478
allegations	79	2.3600	1.1621
burnt	80	2.3600	1.4389
prisoners	81	2.3400	1.2587
scary	82	2.3265	1.2679
losers	83	2.3200	1.2560
weapons	84	2.3200	1.5025
baghdad	85	2.3061	1.2810
racial	86	2.3000	1.3153
defeated	87	2.3000	1.4866
mess	88	2.2917	1.3988
loss	89	2.2857	1.3997
poverty	90	2.2800	1.2968
kickin	91	2.2800	1.2172
whack	92	2.2653	1.1914
doo	93	2.2400	1.3048
dread	94	2.2400	1.2093
freakin	95	2.2400	1.0874
govt	96	2.2400	1.4361
angry	97	2.2245	1.2820
blast	98	2.2200	1.5270
pirate	99	2.2200	1.2213
cryin	100	2.2200	1.4183
negative	101	2.2041	1.3550
slap	102	2.2000	1.2961
whiskey	103	2.1800	1.2440
complaints	104	2.1800	1.3220
fury	105	2.1633	1.3754
sticky	106	2.1600	1.2706
wrong	107	2.1600	1.2225
losing	108	2.1600	1.2862
acid	109	2.1429	1.2617
earthquake	110	2.1400	1.5233
confrontation	111	2.1277	1.1781
criticized	112	2.1224	1.3191
commercial	113	2.1200	1.1071
lawyers	114	2.1200	1.3363
noise	115	2.1200	1.3212
fooled	116	2.1200	1.2432
temper	117	2.1042	1.2117
weird	118	2.1020	1.2330
blocked	119	2.1000	1.3454
vengeance	120	2.1000	1.2530
guilt	121	2.1000	1.2207
crooked	122	2.1000	1.1705
lazy	123	2.1000	1.1705
rowdy	124	2.0833	1.3202
panic	125	2.0816	1.2910
wasting	126	2.0816	1.2094
boss	127	2.0816	0.9864
hurts	128	2.0800	1.2624
rebels	129	2.0800	1.3090
penalties	130	2.0800	1.2303
cemetery	131	2.0800	1.3090
mondays	132	2.0612	1.3911
swear	133	2.0612	1.1501
sadness	134	2.0600	1.1732
diagnosis	135	2.0600	1.1209
shyt	136	2.0600	1.2714
governments	137	2.0408	1.2771
mccain	138	2.0400	1.4691
accused	139	2.0400	1.2643
nah	140	2.0400	1.1655
crashing	141	2.0400	1.2159
omitted	142	2.0400	1.1307
naked	143	2.0204	1.2856
age	144	2.0204	1.2370
pirates	145	2.0200	1.1574
rags	146	2.0200	1.2081
saddened	147	2.0000	1.2329
stripped	148	2.0000	1.2329
tore	149	2.0000	1.1832
doug	150	2.0000	1.2329
pistol	151	2.0000	1.2649
mean	152	2.0000	1.2649
raw	153	2.0000	1.0392
mother-in-law	154	2.0000	1.3416
ripped	155	2.0000	1.2329
demanded	156	2.0000	0.9897
smashed	157	1.9800	1.2568
unfortunate	158	1.9800	1.2246
isolated	159	1.9800	1.1746
nervous	160	1.9800	1.1400
ooo	161	1.9800	1.2081
alien	162	1.9800	1.1044
liability	163	1.9800	0.9897
comin	164	1.9796	0.9792
hardcore	165	1.9796	1.1865
excuse	166	1.9600	1.1993
trapped	167	1.9600	1.2484
drinking	168	1.9600	1.2484
fiend	169	1.9600	1.2484
slick	170	1.9592	0.9467
editorials	171	1.9400	1.1901
mortal	172	1.9400	1.1901
reference	173	1.9400	1.2068
regulators	174	1.9400	1.0471
insecure	175	1.9400	1.1386
charges	176	1.9388	1.0382
tattoo	177	1.9375	1.2316
tension	178	1.9200	1.0553
argue	179	1.9200	1.1461
shatter	180	1.9200	1.1285
lonesome	181	1.9200	1.1634
shaggy	182	1.9200	1.0361
priests	183	1.9200	1.2464
desperation	184	1.9184	1.0659
graves	185	1.9000	1.1533
obsession	186	1.9000	1.1358
police	187	1.9000	1.2845
election	188	1.9000	1.3748
sting	189	1.9000	1.0817
laws	190	1.8980	1.2817
legislators	191	1.8980	1.1293
bury	192	1.8980	1.3131
uptight	193	1.8800	1.1426
suspended	194	1.8800	1.2750
stained	195	1.8800	1.1426
deleted	196	1.8800	1.1426
unlike	197	1.8800	1.1940
opposition	198	1.8800	1.1071
period	199	1.8800	1.1771
refused	200	1.8776	1.0998
broke	201	1.8600	1.0200
blizzard	202	1.8600	1.2651
torn	203	1.8600	1.2002
hungry	204	1.8600	1.1315
moan	205	1.8600	1.1315
cage	206	1.8600	1.1834
conservative	207	1.8600	1.2808
boa	208	1.8600	1.1834
abnormal	209	1.8571	1.1606
old	210	1.8571	1.1606
mortality	211	1.8571	1.0880
screamed	212	1.8571	1.0498
damn	213	1.8400	1.0072
blind	214	1.8400	1.1552
misidentified	215	1.8400	1.1020
todas	216	1.8400	1.0072
gas	217	1.8400	1.1723
organs	218	1.8400	1.1377
anxious	219	1.8367	1.0370
finals	220	1.8367	1.2011
arafat	221	1.8333	1.2638
issues	222	1.8200	1.2440
foot	223	1.8200	0.9938
freaky	224	1.8200	0.9938
syndrome	225	1.8200	1.0524
prosecutor	226	1.8200	1.2758
fluid	227	1.8200	1.0332
flights	228	1.8200	1.0898
ou	229	1.8200	1.0524
sexual	230	1.8200	1.2440
barney	231	1.8200	1.3370
lowest	232	1.8200	1.2114
pleaded	233	1.8200	1.0524
clergy	234	1.8200	1.2114
mit	235	1.8163	1.0818
homeboy	236	1.8000	1.1489
aint	237	1.8000	1.0954
risk	238	1.8000	1.2490
conviction	239	1.8000	1.1832
ruins	240	1.8000	1.0770
emergency	241	1.8000	1.1489
roughly	242	1.8000	1.1136
bronx	243	1.8000	1.1314
emo	244	1.8000	1.0583
hoe	245	1.8000	1.2329
specimens	246	1.7959	1.0097
affairs	247	1.7959	1.0687
locked	248	1.7959	1.2451
jay-z	249	1.7917	1.2576
blades	250	1.7800	1.1539
beers	251	1.7800	1.1365
aching	252	1.7800	1.1187
brotha	253	1.7800	1.1187
held	254	1.7800	0.9857
cut	255	1.7800	1.0255
lick	256	1.7800	1.0638
pit	257	1.7800	1.0638
media	258	1.7800	1.0824
omg	259	1.7800	1.1365
strictly	260	1.7755	1.1826
u	261	1.7600	1.2893
fire	262	1.7600	1.1586
stimulus	263	1.7600	1.1586
exhausted	264	1.7600	1.2419
anti	265	1.7600	1.1586
cynthia	266	1.7600	1.0111
crush	267	1.7551	1.2043
embrace	268	1.7551	1.0600
phat	269	1.7500	1.2162
resigned	270	1.7400	1.1456
hunt	271	1.7400	1.0161
forgiven	272	1.7400	1.1280
loneliness	273	1.7400	1.1280
poor's	274	1.7400	1.1280
messed	275	1.7400	0.9124
despise	276	1.7400	0.9759
consequence	277	1.7400	1.0735
bat	278	1.7400	1.2134
lust	279	1.7347	1.0837
tummy	280	1.7347	1.2252
ph	281	1.7200	1.0206
muero	282	1.7200	1.2007
slam	283	1.7200	1.1321
homie	284	1.7200	1.0778
fog	285	1.7200	1.0206
long	286	1.7200	0.9600
tensions	287	1.7200	1.0008
burst	288	1.7143	1.2454
excuses	289	1.7143	1.0102
amount	290	1.7143	1.1249
bom	291	1.7083	1.2409
tremble	292	1.7000	0.9644
bishops	293	1.7000	1.0817
darkened	294	1.7000	1.0440
woe	295	1.7000	1.0440
bbq	296	1.7000	0.9220
issue	297	1.7000	1.1000
@theellenshow	298	1.7000	0.9220
compete	299	1.6939	0.9520
medical	300	1.6875	1.1754
patient's	301	1.6800	1.1034
llegar	302	1.6800	1.1214
coal	303	1.6800	1.1906
schneider	304	1.6800	1.0852
tot	305	1.6800	0.9042
fo	306	1.6800	1.1034
reductions	307	1.6800	1.1034
judges	308	1.6800	0.8818
mouse	309	1.6800	1.0284
authorities	310	1.6800	0.9887
ang	311	1.6735	1.0180
scattered	312	1.6735	1.0952
loose	313	1.6735	1.1137
flames	314	1.6667	0.9204
msn	315	1.6600	1.1245
beatles	316	1.6600	1.0317
yields	317	1.6600	0.9510
governor's	318	1.6600	1.1421
snatch	319	1.6600	0.8857
pulling	320	1.6600	1.1245
pregnancy	321	1.6600	1.2265
disguise	322	1.6600	1.1421
executives	323	1.6600	1.0509
troubles	324	1.6600	1.0698
classified	325	1.6600	0.9297
3am	326	1.6600	1.2427
hollywood	327	1.6600	0.8628
ruff	328	1.6600	1.0509
strife	329	1.6531	1.1527
strapped	330	1.6531	1.0604
chills	331	1.6531	1.0604
hier	332	1.6400	1.0346
grin	333	1.6400	1.0346
zeit	334	1.6400	1.1621
removal	335	1.6400	1.0538
forgotten	336	1.6400	1.0346
busy	337	1.6400	0.8890
#letsbehonest	338	1.6400	1.0151
compelled	339	1.6400	1.0726
hottest	340	1.6400	0.9952
corrected	341	1.6400	0.8890
muslim	342	1.6400	1.0538
lmfao	343	1.6400	1.0538
compare	344	1.6400	0.9541
gtgt	345	1.6400	1.1621
anyhow	346	1.6400	0.9113
stiff	347	1.6400	1.0151
rt	348	1.6400	0.8890
broadcasting	349	1.6400	0.8890
cuz	350	1.6400	1.0346
slipped	351	1.6383	1.0803
shiver	352	1.6327	0.9624
tweeting	353	1.6327	0.9410
tampa	354	1.6200	0.8459
ministry	355	1.6200	0.9978
terrific	356	1.6200	1.1643
hooked	357	1.6200	0.9357
economist	358	1.6200	1.0176
joint	359	1.6200	1.0371
aides	360	1.6200	1.1116
obligation	361	1.6200	1.0176
button	362	1.6200	0.9569
mathematics	363	1.6200	1.0934
dang	364	1.6200	1.0176
wanted	365	1.6200	1.0934
oppose	366	1.6200	1.0371
glue	367	1.6200	0.9775
jobs	368	1.6200	1.1116
athletic	369	1.6200	1.0750
salvation	370	1.6122	1.2091
doesn't	371	1.6122	0.9859
dems	372	1.6122	0.9436
labour	373	1.6122	1.0462
casa	374	1.6122	0.9218
vietnam	375	1.6042	1.0751
ballin	376	1.6042	1.0751
blew	377	1.6000	0.9381
ain't	378	1.6000	0.9165
episcopal	379	1.6000	1.0583
by	380	1.6000	0.9381
ripping	381	1.6000	0.9592
deserved	382	1.6000	0.8944
hypnotized	383	1.6000	1.0198
wana	384	1.6000	1.0954
incidence	385	1.5957	1.0849
matrix	386	1.5918	1.1051
biblical	387	1.5918	1.0285
fulfill	388	1.5918	0.8552
memo	389	1.5833	0.9754
durch	390	1.5800	0.9816
soccer	391	1.5800	0.8964
verb	392	1.5800	0.9610
popped	393	1.5800	0.9185
yah	394	1.5800	1.0216
investigate	395	1.5800	0.9816
jag	396	1.5800	0.9185
louder	397	1.5800	0.9816
suitcase	398	1.5800	0.9816
economics	399	1.5800	1.1505
cant	400	1.5800	0.8738
#quote	401	1.5800	0.9400
hitherto	402	1.5800	1.1152
customs	403	1.5800	0.9400
shoe	404	1.5800	0.9816
ecstasy	405	1.5800	1.1152
administration	406	1.5800	1.0018
coeur	407	1.5800	1.0600
flippin	408	1.5800	1.0600
servants	409	1.5800	0.9185
investigators	410	1.5800	1.1152
sentenced	411	1.5714	1.0880
feelings	412	1.5714	1.1606
closed	413	1.5714	0.9897
naive	414	1.5714	0.9689
shaking	415	1.5714	0.9689
horn	416	1.5714	0.9689
dripping	417	1.5625	0.8141
erased	418	1.5600	1.0229
poi	419	1.5600	0.9625
resistance	420	1.5600	1.0423
ohhhh	421	1.5600	0.9831
defensive	422	1.5600	0.8980
didnt	423	1.5600	0.9831
blown	424	1.5600	0.8980
autumn	425	1.5600	0.9200
gordon	426	1.5600	1.0229
mesmo	427	1.5600	0.9831
diggin	428	1.5600	1.0229
fly	429	1.5600	0.9831
missy	430	1.5600	0.9625
weeks	431	1.5600	0.8285
portion	432	1.5600	0.8523
financial	433	1.5600	0.9831
weg	434	1.5600	0.9200
youu	435	1.5600	1.0229
overcast	436	1.5510	0.8586
trance	437	1.5510	0.9702
jonathan	438	1.5510	0.9489
worn	439	1.5510	0.8820
hahah	440	1.5510	0.9910
tied	441	1.5417	1.0793
unit	442	1.5417	0.9781
hotter	443	1.5400	0.8991
carefully	444	1.5400	0.8535
rihanna	445	1.5400	1.0809
brown	446	1.5400	0.8297
valued	447	1.5400	0.8766
serbs	448	1.5400	0.8535
serbian	449	1.5400	0.9425
usually	450	1.5400	0.9425
sweep	451	1.5400	0.8535
dum	452	1.5400	1.0042
vuoi	453	1.5400	1.0433
ihr	454	1.5400	1.0809
conquest	455	1.5400	0.9635
maureen	456	1.5400	1.1351
hype	457	1.5400	0.8766
investigating	458	1.5400	1.0623
booty	459	1.5400	0.9425
reducing	460	1.5400	0.8535
distance	461	1.5400	1.0993
kerry	462	1.5400	0.8991
souls	463	1.5400	0.9211
weighted	464	1.5306	0.9498
agents	465	1.5306	0.9711
bin	466	1.5306	1.0710
collide	467	1.5306	0.8596
india	468	1.5306	0.9281
wolves	469	1.5306	1.0322
yur	470	1.5306	1.1084
sovereign	471	1.5306	0.9711
romeo	472	1.5306	1.0518
blunt	473	1.5306	0.8596
lack	474	1.5200	0.8304
equations	475	1.5200	1.0815
immigrants	476	1.5200	0.9847
balls	477	1.5200	0.8304
forgetting	478	1.5200	0.8304
wah	479	1.5200	0.9432
tho	480	1.5200	0.8998
retweet	481	1.5200	1.0998
wait	482	1.5200	1.0245
cattle	483	1.5200	0.8060
posterior	484	1.5200	1.0245
oooo	485	1.5200	0.9432
studies	486	1.5200	0.9217
april	487	1.5200	0.9432
bosnian	488	1.5200	0.8304
mystery	489	1.5200	1.0048
papa	490	1.5200	1.2040
thin	491	1.5200	0.8542
rear	492	1.5200	0.8998
reagan	493	1.5200	0.8998
turkish	494	1.5200	0.8773
provision	495	1.5200	0.8304
rush	496	1.5102	1.0326
milwaukee	497	1.5102	1.1450
administered	498	1.5102	0.9715
nope	499	1.5102	0.9063
meh	500	1.5102	0.8601
melting	501	1.5102	0.9285
superior	502	1.5102	0.9923
languages	503	1.5102	0.9063
shack	504	1.5102	0.7592
arthur	505	1.5000	0.7810
ending	506	1.5000	1.0817
israelis	507	1.5000	0.9220
it'd	508	1.5000	1.0630
dont	509	1.5000	0.9434
pull	510	1.5000	0.9434
dependence	511	1.5000	1.0440
advised	512	1.5000	1.1000
dry	513	1.5000	0.9000
regardless	514	1.5000	0.8775
cheese	515	1.5000	1.0050
spray	516	1.5000	0.9434
news	517	1.5000	0.8062
tyson	518	1.5000	1.0050
android	519	1.5000	0.9644
conclude	520	1.5000	0.8775
atoms	521	1.5000	0.9849
sensitivity	522	1.5000	0.8775
tan	523	1.5000	0.9220
listenin	524	1.5000	1.0247
democracy	525	1.5000	0.9000
80's	526	1.5000	0.9644
meyer	527	1.5000	1.0440
recalled	528	1.5000	0.9220
tangled	529	1.5000	0.7550
muy	530	1.4898	0.8601
organ	531	1.4898	0.8112
sodium	532	1.4898	1.0126
kay	533	1.4898	0.8835
mijn	534	1.4898	1.0126
karaoke	535	1.4898	0.9715
neither	536	1.4898	0.9063
flavor	537	1.4898	0.9502
morality	538	1.4898	0.8601
shadow	539	1.4800	0.7808
bass	540	1.4800	0.9432
ufc	541	1.4800	0.9217
commerce	542	1.4800	0.9847
physicians	543	1.4800	0.9847
frank	544	1.4800	1.0438
volume	545	1.4800	0.9847
sold	546	1.4800	0.9847
memphis	547	1.4800	0.8304
greene	548	1.4800	0.8998
tweetdeck	549	1.4800	0.9432
praying	550	1.4800	0.9642
sally	551	1.4800	0.8304
fazer	552	1.4800	1.0438
woot	553	1.4800	0.9642
wouldn	554	1.4800	0.8998
accounting	555	1.4800	0.9642
hartford	556	1.4800	0.8304
ole	557	1.4800	0.8998
stacks	558	1.4800	0.9847
#tcot	559	1.4800	1.0438
w/	560	1.4800	0.9217
ding	561	1.4800	0.8542
empirical	562	1.4800	0.9432
mumbai	563	1.4800	0.8773
privilege	564	1.4800	0.9642
empire	565	1.4800	0.8542
artists	566	1.4800	0.8542
encounter	567	1.4800	0.9217
rubin	568	1.4792	0.9998
timbaland	569	1.4694	0.8355
pretax	570	1.4694	0.7851
hispanic	571	1.4694	1.0122
party's	572	1.4694	0.8596
mysterious	573	1.4694	0.9918
pointed	574	1.4694	0.8596
nog	575	1.4694	0.8107
ritual	576	1.4694	0.8830
faith	577	1.4694	0.9498
heritage	578	1.4694	0.9918
traders	579	1.4681	0.9643
minus	580	1.4600	0.8535
nevertheless	581	1.4600	0.9425
junior	582	1.4600	0.9841
negotiate	583	1.4600	0.8766
summertime	584	1.4600	1.0433
district	585	1.4600	0.7539
den	586	1.4600	0.9425
tank	587	1.4600	0.9211
miles	588	1.4600	0.9211
feliz	589	1.4600	0.8766
puerto	590	1.4600	0.8535
widow	591	1.4600	0.8766
warrior	592	1.4600	0.9425
dell	593	1.4600	1.0042
cinema	594	1.4600	0.8766
y'all	595	1.4600	0.9425
mike	596	1.4600	0.9425
hrs	597	1.4600	0.9425
jewish	598	1.4600	1.0433
chillin	599	1.4600	0.9211
overseas	600	1.4600	0.9425
laced	601	1.4600	0.7269
spending	602	1.4600	0.8991
rookie	603	1.4600	0.9635
mah	604	1.4600	0.8766
kijk	605	1.4583	0.9781
mek	606	1.4583	0.9565
occupy	607	1.4583	0.8154
ridge	608	1.4490	0.8820
investments	609	1.4490	0.8345
geht	610	1.4490	0.8586
amongst	611	1.4490	0.8820
john's	612	1.4490	0.8586
wont	613	1.4490	0.9489
havent	614	1.4490	0.8097
stuffed	615	1.4490	0.7576
beans	616	1.4490	0.8586
spent	617	1.4400	0.8040
comparison	618	1.4400	0.8523
shapiro	619	1.4400	0.8285
france	620	1.4400	0.7526
limits	621	1.4400	0.8285
changes	622	1.4400	0.8754
anglo	623	1.4400	0.9200
fa	624	1.4400	0.9625
wasn	625	1.4400	1.0984
require	626	1.4400	0.8523
diversity	627	1.4400	0.8523
custom	628	1.4400	0.8285
cia	629	1.4400	0.9625
quality	630	1.4400	0.7787
gucci	631	1.4400	0.8754
mask	632	1.4400	0.9625
fishing	633	1.4400	0.8754
cowboys	634	1.4400	0.8754
voz	635	1.4400	0.9415
antiques	636	1.4400	0.8980
laura	637	1.4400	0.9200
alison	638	1.4400	0.8523
animals	639	1.4400	0.9625
conn	640	1.4400	0.9831
scales	641	1.4400	0.8040
contigo	642	1.4400	0.8754
km	643	1.4400	0.8523
erase	644	1.4400	0.8040
harriet	645	1.4400	0.9200
sippin	646	1.4400	0.7787
investigations	647	1.4400	0.9415
gulf	648	1.4400	0.9831
babes	649	1.4400	0.8754
lord	650	1.4400	0.7787
koch	651	1.4400	0.8285
chancellor	652	1.4400	0.8754
society	653	1.4400	0.8980
tes	654	1.4400	0.7787
infinite	655	1.4400	0.9625
manufacturing	656	1.4400	0.9200
inevitable	657	1.4375	0.8876
bubble	658	1.4286	0.6999
maybe	659	1.4286	0.8081
assumptions	660	1.4286	0.7825
nas	661	1.4286	0.6999
practical	662	1.4286	0.8571
surprise	663	1.4286	0.9897
excess	664	1.4286	0.8330
heed	665	1.4286	0.9258
gots	666	1.4286	0.9258
mack	667	1.4286	0.9476
easter	668	1.4200	0.8738
far	669	1.4200	0.9185
aan	670	1.4200	0.8506
flat	671	1.4200	0.8268
tierra	672	1.4200	0.8738
memoir	673	1.4200	0.9816
implementation	674	1.4200	0.7507
umbrella	675	1.4200	0.7236
hut	676	1.4200	0.9610
ne	677	1.4200	0.7507
taxpayers	678	1.4200	0.8268
peggy	679	1.4200	0.8506
designated	680	1.4200	0.8738
lu	681	1.4200	1.0018
command	682	1.4200	0.8268
jajaja	683	1.4200	0.8022
united	684	1.4200	1.0216
america's	685	1.4200	0.9185
knocks	686	1.4200	0.7507
raton	687	1.4200	0.8268
stevie	688	1.4200	0.8738
disclosure	689	1.4200	0.8506
males	690	1.4200	0.8964
faster	691	1.4200	0.8506
shakes	692	1.4200	0.8268
manner	693	1.4200	0.8964
begins	694	1.4200	0.7507
adios	695	1.4200	0.8964
hindu	696	1.4200	0.7507
o'connor	697	1.4200	0.9816
bulletin	698	1.4200	0.8964
'em	699	1.4200	0.8506
stepping	700	1.4200	0.8022
fur	701	1.4200	0.7769
ah	702	1.4200	0.8964
data	703	1.4200	0.8738
surrounds	704	1.4200	0.9816
holy	705	1.4200	0.8964
transaction	706	1.4200	0.8738
fitted	707	1.4167	0.8375
influences	708	1.4167	0.7312
denver	709	1.4082	1.0285
depend	710	1.4082	0.8787
schon	711	1.4082	0.8310
chamber	712	1.4082	0.7803
pianist	713	1.4082	0.8310
interview	714	1.4082	0.8061
tijd	715	1.4082	0.8787
blonde	716	1.4082	0.8061
sum1	717	1.4082	0.8310
succession	718	1.4082	0.9458
nun	719	1.4082	0.9017
kaufman	720	1.4082	0.7803
jus	721	1.4082	0.8310
seh	722	1.4000	0.9381
dan	723	1.4000	0.8485
evidence	724	1.4000	0.8000
dentro	725	1.4000	0.8718
lullaby	726	1.4000	0.8485
wholesalers	727	1.4000	0.6928
millionaire	728	1.4000	0.8246
reported	729	1.4000	0.6928
combinations	730	1.4000	0.8944
left	731	1.4000	0.8944
forex	732	1.4000	0.7211
civic	733	1.4000	0.8944
evan	734	1.4000	1.0000
agreement	735	1.4000	0.9165
nov	736	1.4000	0.8485
ethics	737	1.4000	0.7211
walkin	738	1.4000	0.7483
role	739	1.4000	0.8485
crawl	740	1.4000	0.8718
shift	741	1.4000	0.8485
stretched	742	1.4000	0.6928
discipline	743	1.4000	0.6633
tus	744	1.4000	0.9592
russian	745	1.4000	0.8944
bei	746	1.4000	0.8485
jeanne	747	1.4000	0.8944
@donniewahlberg	748	1.4000	1.0583
gud	749	1.4000	0.7483
transactions	750	1.3958	0.7566
sailor	751	1.3878	0.9650
whereas	752	1.3878	0.8993
thinkin	753	1.3878	0.6945
partner	754	1.3878	0.8993
syracuse	755	1.3878	0.8528
plaintiff	756	1.3878	0.7777
seldom	757	1.3878	0.7510
fave	758	1.3878	0.8285
ojos	759	1.3878	0.8285
flipmode	760	1.3878	0.9436
polish	761	1.3878	0.8285
pamela	762	1.3878	0.9218
soul	763	1.3878	0.9436
mc	764	1.3878	0.8035
boundaries	765	1.3878	0.8035
belonging	766	1.3878	0.9650
consciousness	767	1.3878	0.8035
density	768	1.3878	0.8035
gods	769	1.3878	0.8035
mathematical	770	1.3878	0.8993
einen	771	1.3878	0.7777
substance	772	1.3800	0.6290
2morrow	773	1.3800	0.8693
clerk	774	1.3800	0.7181
sox	775	1.3800	0.8920
niente	776	1.3800	0.7718
it	777	1.3800	0.9141
blues	778	1.3800	0.8920
chairman	779	1.3800	0.7718
benz	780	1.3800	0.7454
nee	781	1.3800	0.7454
chase	782	1.3800	0.8693
bro	783	1.3800	0.7718
ethical	784	1.3800	0.6896
roundup	785	1.3800	0.7972
may	786	1.3800	0.6600
or	787	1.3800	0.7972
whilst	788	1.3800	0.8459
massage	789	1.3800	0.8459
biggest	790	1.3800	0.7718
jeg	791	1.3800	0.8693
leven	792	1.3800	0.7972
average	793	1.3800	0.8219
illusions	794	1.3800	0.7181
letting	795	1.3800	0.6896
pr	796	1.3800	0.9141
bank	797	1.3800	0.7972
nitrogen	798	1.3800	0.7454
boca	799	1.3800	0.7718
pronounced	800	1.3800	0.8459
therapeutic	801	1.3800	0.8693
acts	802	1.3800	0.8693
une	803	1.3800	0.7972
tie	804	1.3800	0.8459
alma	805	1.3800	0.8219
dna	806	1.3800	0.7454
legacy	807	1.3800	0.8219
chap	808	1.3800	0.8693
stuff	809	1.3800	0.8459
patricia	810	1.3800	0.8219
springs	811	1.3800	0.6896
fully	812	1.3800	0.9357
graphics	813	1.3800	0.8920
scripture	814	1.3800	0.9357
expansion	815	1.3800	1.0176
shopping	816	1.3800	0.9141
quien	817	1.3800	0.8219
registered	818	1.3800	0.8459
upward	819	1.3800	0.7972
talkin	820	1.3800	0.7972
issued	821	1.3800	0.6896
streams	822	1.3750	0.9492
drivin	823	1.3750	0.9270
bet	824	1.3673	0.8004
pls	825	1.3673	0.9410
relatives	826	1.3673	0.8004
tanto	827	1.3673	0.7744
proteins	828	1.3673	0.6607
b/c	829	1.3673	0.9190
shape	830	1.3673	0.8004
absorption	831	1.3673	0.7198
greenwich	832	1.3673	0.6909
def	833	1.3673	0.7744
nhl	834	1.3673	0.7744
mount	835	1.3673	0.8498
salad	836	1.3673	0.8966
arlington	837	1.3673	0.8004
dizzy	838	1.3673	0.8004
broad	839	1.3673	0.8498
fuera	840	1.3673	0.7744
jews	841	1.3617	0.7835
affection	842	1.3600	0.7684
defending	843	1.3600	0.7940
disclosed	844	1.3600	0.9113
ancient	845	1.3600	0.8188
lots	846	1.3600	0.8188
investor	847	1.3600	0.7419
fair	848	1.3600	0.7419
gets	849	1.3600	0.7684
kings	850	1.3600	0.7144
votes	851	1.3600	0.7940
berlin	852	1.3600	0.8188
cord	853	1.3600	0.7419
monetary	854	1.3600	0.8890
organizations	855	1.3600	0.7419
accounts	856	1.3600	0.8188
sports	857	1.3600	0.7144
flipped	858	1.3600	0.7940
wrapped	859	1.3600	0.6248
stroll	860	1.3600	0.7940
atleast	861	1.3600	0.8188
reverse	862	1.3600	0.8663
brb	863	1.3600	0.8429
mente	864	1.3600	0.8188
sean	865	1.3600	0.9749
campaigns	866	1.3600	0.7144
aware	867	1.3600	0.9113
sho	868	1.3600	0.7419
mist	869	1.3600	0.7940
amen	870	1.3600	0.9541
film	871	1.3600	0.9541
jewels	872	1.3600	0.7419
mexican	873	1.3600	0.6859
privately	874	1.3600	0.7684
rapid	875	1.3600	0.6560
demi	876	1.3600	0.8188
finna	877	1.3600	0.9749
av	878	1.3600	0.9330
pena	879	1.3600	0.6248
versus	880	1.3600	0.6248
han	881	1.3600	0.7419
wide	882	1.3600	0.8429
phenomenon	883	1.3600	0.8663
devotion	884	1.3600	0.8890
sylvia	885	1.3600	0.8188
xm	886	1.3600	0.7940
tract	887	1.3600	0.8188
pum	888	1.3600	0.7419
collections	889	1.3600	0.9541
contained	890	1.3600	0.9541
heights	891	1.3542	0.8289
dass	892	1.3542	0.7770
demonstrated	893	1.3469	0.7707
di	894	1.3469	0.8702
fantasy	895	1.3469	0.5552
resulting	896	1.3469	0.7437
soo	897	1.3469	0.7437
snap	898	1.3469	0.8219
customers	899	1.3469	0.8464
sponsored	900	1.3469	0.8464
zijn	901	1.3469	0.8702
gps	902	1.3469	0.7157
minimum	903	1.3469	0.7437
resolved	904	1.3469	0.6866
question	905	1.3469	0.9159
dividends	906	1.3469	0.7157
keepin	907	1.3469	0.7967
feeding	908	1.3469	0.7437
miami	909	1.3469	0.8464
latin	910	1.3469	0.7157
lit	911	1.3469	0.7157
corazon	912	1.3404	0.7794
overcome	913	1.3404	0.8819
requested	914	1.3400	0.7645
handling	915	1.3400	0.7645
amsterdam	916	1.3400	0.7645
alleen	917	1.3400	0.6815
km/h	918	1.3400	0.8151
pardon	919	1.3400	0.8857
knees	920	1.3400	0.8151
ap	921	1.3400	0.7902
delaware	922	1.3400	0.8628
paid	923	1.3400	0.8151
aid	924	1.3400	0.7902
bruce	925	1.3400	0.8857
twin	926	1.3400	0.8628
tienes	927	1.3400	0.7378
advocate	928	1.3400	0.7102
perceived	929	1.3400	0.7102
exhibit	930	1.3400	0.8393
sgt	931	1.3400	0.7645
big	932	1.3400	0.7378
pumpkin	933	1.3400	0.8393
applications	934	1.3400	0.7102
sensation	935	1.3400	0.7645
least	936	1.3400	0.7378
tuo	937	1.3400	0.8628
filter	938	1.3400	0.9080
knight	939	1.3400	0.6815
tea	940	1.3400	0.7102
exhibition	941	1.3400	0.7102
emerged	942	1.3400	0.9297
proposals	943	1.3400	0.7902
lottery	944	1.3400	0.5517
producers	945	1.3400	0.8628
treat	946	1.3400	0.8628
selling	947	1.3400	0.7378
shes	948	1.3400	0.7902
ron	949	1.3400	0.7902
broader	950	1.3400	0.7645
revenue	951	1.3400	0.6200
tendency	952	1.3400	0.7645
esther	953	1.3400	0.6815
vas	954	1.3400	0.6200
editions	955	1.3400	0.7378
sullivan	956	1.3400	0.8628
thrill	957	1.3400	0.7378
survivors	958	1.3400	0.6200
outdoor	959	1.3400	0.7902
conventional	960	1.3400	0.7102
saving	961	1.3400	0.8628
newest	962	1.3400	0.8393
shy	963	1.3400	0.7102
lobby	964	1.3400	0.7902
row	965	1.3400	0.8393
sustained	966	1.3400	0.8393
sip	967	1.3400	0.8628
clause	968	1.3400	0.7902
cornell	969	1.3400	0.8857
fm	970	1.3400	0.7378
earnings	971	1.3400	0.6200
cliff	972	1.3400	0.9297
cave	973	1.3400	0.7645
lists	974	1.3400	0.7102
node	975	1.3333	0.6562
ie	976	1.3333	0.6872
germany	977	1.3333	0.8250
plains	978	1.3333	0.9428
esto	979	1.3333	0.7993
arrow	980	1.3333	0.7993
puedo	981	1.3265	0.7392
garlic	982	1.3265	0.7663
etsy	983	1.3265	0.7925
girlfriend	984	1.3265	0.7392
explains	985	1.3265	0.8179
chapels	986	1.3265	0.6818
developments	987	1.3265	0.7663
effort	988	1.3265	0.7111
seo	989	1.3265	0.7663
turned	990	1.3265	0.7111
beijing	991	1.3265	0.7925
c'est	992	1.3265	0.6818
passing	993	1.3265	0.7392
arnold	994	1.3265	0.9122
understands	995	1.3265	0.7663
glory	996	1.3265	0.7925
heels	997	1.3265	0.7111
voices	998	1.3265	0.7111
existing	999	1.3265	0.7663
rewind	1000	1.3265	0.6511
binding	1001	1.3265	0.7925
newsstands	1002	1.3200	0.8109
prevented	1003	1.3200	0.7600
professionals	1004	1.3200	0.7054
asked	1005	1.3200	0.5455
rain	1006	1.3200	0.7054
herman	1007	1.3200	0.8109
we'll	1008	1.3200	0.8352
follows	1009	1.3200	0.7332
stuart	1010	1.3200	0.8109
om	1011	1.3200	0.9042
levels	1012	1.3200	0.8109
brian	1013	1.3200	0.7600
circulation	1014	1.3200	0.7859
newspaper	1015	1.3200	0.6145
finished	1016	1.3200	0.9042
arrival	1017	1.3200	0.8588
drink	1018	1.3200	0.7600
questa	1019	1.3200	0.6765
gardening	1020	1.3200	0.7332
internal	1021	1.3200	0.7859
versions	1022	1.3200	0.7859
situations	1023	1.3200	0.7054
daughter-in-law	1024	1.3200	0.7600
apartments	1025	1.3200	0.7332
scent	1026	1.3200	0.7600
pac	1027	1.3200	0.7054
dynamic	1028	1.3200	0.6765
oooooh	1029	1.3200	0.7332
princes	1030	1.3200	0.6765
silk	1031	1.3200	0.7332
photoshop	1032	1.3200	0.7054
arrived	1033	1.3200	0.8352
captain	1034	1.3200	0.7600
reminded	1035	1.3200	0.7332
varying	1036	1.3200	0.6145
dre	1037	1.3200	0.5455
properties	1038	1.3200	0.8352
priority	1039	1.3200	0.7332
wright	1040	1.3200	0.7600
ellis	1041	1.3200	0.7054
san	1042	1.3200	0.9261
milton	1043	1.3200	0.8109
observation	1044	1.3200	0.7859
behold	1045	1.3200	0.7332
northeast	1046	1.3200	0.7859
kt	1047	1.3200	0.7332
tire	1048	1.3200	0.6765
concerned	1049	1.3200	0.7332
sculpture	1050	1.3200	0.8109
phyllis	1051	1.3200	0.6765
du	1052	1.3200	0.6765
certain	1053	1.3200	0.7859
isnt	1054	1.3200	0.7054
equally	1055	1.3200	0.7332
momento	1056	1.3200	0.8109
nothings	1057	1.3200	0.5810
uu	1058	1.3200	0.6145
involving	1059	1.3200	0.8352
rehearsal	1060	1.3200	0.6462
abstract	1061	1.3200	0.7054
blogger	1062	1.3200	0.7600
halloween	1063	1.3200	0.7332
riches	1064	1.3200	0.6462
road	1065	1.3200	0.7054
sufficiently	1066	1.3200	0.7332
rocked	1067	1.3200	0.6765
wagner	1068	1.3200	0.8818
visitation	1069	1.3125	0.7404
hide	1070	1.3125	0.7117
developers	1071	1.3125	0.7117
finite	1072	1.3125	0.7404
cookie	1073	1.3125	0.8205
tha	1074	1.3125	0.7947
leo	1075	1.3125	0.8205
whole	1076	1.3125	0.7117
p	1077	1.3125	0.7404
reconstruction	1078	1.3061	0.6129
o'brien	1079	1.3061	0.8133
accordingly	1080	1.3061	0.7341
dude	1081	1.3061	0.8620
climbing	1082	1.3061	0.8380
uma	1083	1.3061	0.7878
lessons	1084	1.3061	0.7614
pets	1085	1.3061	0.8133
sixty	1086	1.3061	0.6454
contract	1087	1.3061	0.6454
buyer	1088	1.3061	0.7341
cover	1089	1.3061	0.7614
away	1090	1.3061	0.8620
hallelujah	1091	1.3061	0.7058
facts	1092	1.3061	0.8380
ink	1093	1.3061	0.8133
ties	1094	1.3061	0.6129
lime	1095	1.3061	0.7341
technology	1096	1.3061	0.6762
facilities	1097	1.3061	0.8380
recording	1098	1.3061	0.7614
science	1099	1.3000	0.7000
tested	1100	1.3000	0.8544
missouri	1101	1.3000	0.7550
specialized	1102	1.3000	0.7000
feeds	1103	1.3000	0.7810
rolling	1104	1.3000	0.6708
elaborate	1105	1.3000	0.7000
connected	1106	1.3000	0.7550
williams	1107	1.3000	0.8775
skirt	1108	1.3000	0.7000
rogers	1109	1.3000	0.7280
sec	1110	1.3000	0.5745
slim	1111	1.3000	0.7000
atl	1112	1.3000	0.7810
algo	1113	1.3000	0.8062
stanley	1114	1.3000	0.6708
angeles	1115	1.3000	0.7280
starry	1116	1.3000	0.7000
olvidar	1117	1.3000	0.5745
nowhere	1118	1.3000	0.6708
manners	1119	1.3000	0.8544
organizational	1120	1.3000	0.8307
reputation	1121	1.3000	0.6403
katie	1122	1.3000	0.8307
frances	1123	1.3000	0.6708
1960s	1124	1.3000	0.7810
admit	1125	1.3000	0.6403
frequency	1126	1.3000	0.7550
moves	1127	1.3000	0.7550
irish	1128	1.3000	0.6403
grasp	1129	1.3000	0.7550
's	1130	1.3000	0.7550
jimmy	1131	1.3000	0.7280
placing	1132	1.3000	0.7550
villages	1133	1.3000	0.8307
dine	1134	1.3000	0.6708
journey	1135	1.3000	0.7000
powder	1136	1.3000	0.7810
shop	1137	1.3000	0.6403
complex	1138	1.3000	0.6708
measures	1139	1.3000	0.7550
drawers	1140	1.3000	0.5745
although	1141	1.3000	0.7000
interpreted	1142	1.3000	0.7810
sensory	1143	1.3000	0.6083
bist	1144	1.3000	0.6708
diary	1145	1.3000	0.7000
neighborhood	1146	1.3000	0.6403
any	1147	1.3000	0.8307
carnival	1148	1.3000	0.6403
preserved	1149	1.3000	0.6708
theatrical	1150	1.3000	0.6403
extend	1151	1.3000	0.6083
theology	1152	1.3000	0.6403
secondary	1153	1.3000	0.8062
leon	1154	1.3000	0.8062
signals	1155	1.3000	0.7810
toss	1156	1.3000	0.7810
adjustment	1157	1.3000	0.7000
combo	1158	1.3000	0.6708
satisfactory	1159	1.3000	0.6403
treated	1160	1.3000	0.8544
dear	1161	1.3000	0.8307
telling	1162	1.3000	0.6708
came	1163	1.3000	0.8062
cole	1164	1.3000	0.7000
tends	1165	1.2917	0.6442
costumes	1166	1.2917	0.6757
chairwoman	1167	1.2917	0.7626
liberation	1168	1.2857	0.5714
carlos	1169	1.2857	0.6999
soldier	1170	1.2857	0.6389
persuade	1171	1.2857	0.6999
perception	1172	1.2857	0.6701
aesthetic	1173	1.2857	0.8081
demonstration	1174	1.2857	0.7284
hearing	1175	1.2857	0.6061
countries	1176	1.2857	0.7284
kalo	1177	1.2857	0.6701
ebook	1178	1.2857	0.6701
hero	1179	1.2857	0.6999
palmer	1180	1.2857	0.6701
billy	1181	1.2857	0.5714
bit	1182	1.2857	0.7559
vessel	1183	1.2857	0.6701
classes	1184	1.2857	0.6999
sympathetic	1185	1.2857	0.8081
it'll	1186	1.2857	0.7559
device	1187	1.2857	0.6701
bear	1188	1.2857	0.6701
scott	1189	1.2857	0.6999
af	1190	1.2857	0.7825
led	1191	1.2857	0.7284
gates	1192	1.2857	0.6389
passages	1193	1.2857	0.7559
josh	1194	1.2857	0.7825
10th	1195	1.2857	0.6999
packing	1196	1.2857	0.7284
backyard	1197	1.2857	0.8330
whispering	1198	1.2857	0.6701
necessarily	1199	1.2800	0.6645
lead	1200	1.2800	0.6940
european	1201	1.2800	0.7222
defined	1202	1.2800	0.6013
rd	1203	1.2800	0.6645
secretary	1204	1.2800	0.6337
annie	1205	1.2800	0.7222
bff	1206	1.2800	0.7494
happy	1207	1.2800	0.8010
dee	1208	1.2800	0.7222
iya	1209	1.2800	0.8010
individual	1210	1.2800	0.5671
tale	1211	1.2800	0.8010
arizona	1212	1.2800	0.6337
jesse	1213	1.2800	0.7222
states	1214	1.2800	0.6645
turner	1215	1.2800	0.8727
moscow	1216	1.2800	0.7756
crossing	1217	1.2800	0.5671
cookies	1218	1.2800	0.7222
doc	1219	1.2800	0.6337
farther	1220	1.2800	0.8010
espn	1221	1.2800	0.6940
agent	1222	1.2800	0.6645
ayer	1223	1.2800	0.6645
someday	1224	1.2800	0.7222
exclusive	1225	1.2800	0.5671
nearly	1226	1.2800	0.5307
common	1227	1.2800	0.6940
bright	1228	1.2800	0.6645
bags	1229	1.2800	0.7222
albums	1230	1.2800	0.6337
harlem	1231	1.2800	0.5307
drew	1232	1.2800	0.7494
woo	1233	1.2800	0.6645
everywhere	1234	1.2800	0.8495
columns	1235	1.2800	0.7222
priced	1236	1.2800	0.7222
temperature	1237	1.2800	0.7494
because	1238	1.2800	0.7756
geographical	1239	1.2800	0.7494
vancouver	1240	1.2800	0.7222
borne	1241	1.2800	0.7494
landscape	1242	1.2800	0.6940
prince	1243	1.2800	0.6013
forms	1244	1.2800	0.7222
five-year	1245	1.2800	0.6940
mmm	1246	1.2800	0.6337
theodore	1247	1.2800	0.6645
endorsed	1248	1.2800	0.6645
hai	1249	1.2800	0.6940
region	1250	1.2800	0.7222
bath	1251	1.2800	0.6940
however	1252	1.2800	0.6337
ranging	1253	1.2800	0.6013
comp	1254	1.2800	0.6337
hip	1255	1.2800	0.6645
sharon	1256	1.2800	0.7494
whether	1257	1.2800	0.6645
characteristics	1258	1.2800	0.6940
supermarkets	1259	1.2800	0.7494
a1	1260	1.2800	0.6645
sein	1261	1.2800	0.8010
ini	1262	1.2800	0.8010
bricks	1263	1.2800	0.6940
ocean	1264	1.2800	0.7494
faced	1265	1.2766	0.5725
adam	1266	1.2708	0.6994
corn	1267	1.2708	0.6689
reflected	1268	1.2708	0.7286
covered	1269	1.2653	0.7766
producing	1270	1.2653	0.6632
perfume	1271	1.2653	0.6317
preparations	1272	1.2653	0.5259
correct	1273	1.2653	0.6317
nearest	1274	1.2653	0.7498
trend	1275	1.2653	0.6632
atmosphere	1276	1.2653	0.8024
adopted	1277	1.2653	0.6317
academic	1278	1.2653	0.6933
daddy	1279	1.2653	0.6317
description	1280	1.2653	0.6933
neutral	1281	1.2653	0.7498
baked	1282	1.2653	0.5985
positions	1283	1.2653	0.6317
islanders	1284	1.2653	0.5634
economists	1285	1.2653	0.5634
protein	1286	1.2653	0.6632
soil	1287	1.2653	0.5985
johnson	1288	1.2653	0.5985
premiere	1289	1.2653	0.6317
approaching	1290	1.2653	0.6317
'i	1291	1.2653	0.6632
singer	1292	1.2653	0.6317
candy	1293	1.2653	0.7498
principal	1294	1.2653	0.6933
december	1295	1.2653	0.7498
pro	1296	1.2653	0.6317
vital	1297	1.2653	0.6317
station	1298	1.2653	0.8024
majesty	1299	1.2653	0.6933
taiwan	1300	1.2653	0.6632
sai	1301	1.2600	0.6264
vocals	1302	1.2600	0.6873
desires	1303	1.2600	0.6873
veteran	1304	1.2600	0.6264
ml	1305	1.2600	0.6264
federation	1306	1.2600	0.5936
band	1307	1.2600	0.6576
what	1308	1.2600	0.6264
options	1309	1.2600	0.6264
stage	1310	1.2600	0.5589
fav	1311	1.2600	0.6264
antonio	1312	1.2600	0.6576
increasingly	1313	1.2600	0.5589
philosophical	1314	1.2600	0.6873
hardly	1315	1.2600	0.7158
woah	1316	1.2600	0.6873
merchants	1317	1.2600	0.7697
communities	1318	1.2600	0.7697
potatoes	1319	1.2600	0.6873
nena	1320	1.2600	0.7697
picks	1321	1.2600	0.5589
sitting	1322	1.2600	0.5219
ace	1323	1.2600	0.5589
atm	1324	1.2600	0.7697
escape	1325	1.2600	0.5936
mobile	1326	1.2600	0.5936
dj	1327	1.2600	0.6576
barometer	1328	1.2600	0.7158
sarah	1329	1.2600	0.7432
beings	1330	1.2600	0.7158
edinburgh	1331	1.2600	0.6576
expanded	1332	1.2600	0.6873
fits	1333	1.2600	0.7158
estimated	1334	1.2600	0.5219
globe	1335	1.2600	0.6264
whenever	1336	1.2600	0.5589
kissing	1337	1.2600	0.5936
scholarship	1338	1.2600	0.5936
mellow	1339	1.2600	0.6264
dave	1340	1.2600	0.8200
yellow	1341	1.2600	0.5219
alternatives	1342	1.2600	0.5589
partnership	1343	1.2600	0.7158
signal	1344	1.2600	0.6264
lights	1345	1.2600	0.7158
lateral	1346	1.2600	0.6873
marcus	1347	1.2600	0.7952
topic	1348	1.2600	0.6264
smart	1349	1.2600	0.7952
references	1350	1.2600	0.6576
anniversary	1351	1.2600	0.7697
gary	1352	1.2600	0.6264
19th	1353	1.2600	0.8200
supplied	1354	1.2600	0.7158
ownership	1355	1.2600	0.5219
oliver	1356	1.2600	0.6576
evening	1357	1.2600	0.6264
zal	1358	1.2600	0.6576
famous	1359	1.2600	0.7158
loc	1360	1.2600	0.6873
linux	1361	1.2600	0.7952
shoes	1362	1.2600	0.5589
amazon	1363	1.2600	0.6264
respect	1364	1.2600	0.7158
walsh	1365	1.2600	0.6576
freeway	1366	1.2600	0.7158
cultivated	1367	1.2600	0.6873
rocky	1368	1.2600	0.7158
sincere	1369	1.2600	0.6576
theatre	1370	1.2600	0.5936
ours	1371	1.2600	0.6264
poetry	1372	1.2600	0.6264
garcia	1373	1.2600	0.5589
stays	1374	1.2600	0.5589
ac	1375	1.2600	0.7952
4-bedroom	1376	1.2600	0.7952
parts	1377	1.2600	0.6576
hat	1378	1.2600	0.7952
gf	1379	1.2600	0.7158
immediate	1380	1.2600	0.6264
kissed	1381	1.2600	0.6576
respectively	1382	1.2600	0.6264
civilians	1383	1.2600	0.6264
processing	1384	1.2600	0.7158
agree	1385	1.2600	0.5936
manuscript	1386	1.2600	0.7158
screenplay	1387	1.2600	0.6873
square	1388	1.2600	0.6264
gran	1389	1.2600	0.7697
practice	1390	1.2600	0.7432
carter	1391	1.2600	0.6576
notion	1392	1.2500	0.8539
assets	1393	1.2500	0.7500
luna	1394	1.2500	0.6292
attention	1395	1.2500	0.7773
searched	1396	1.2500	0.6922
driven	1397	1.2500	0.7500
thursday	1398	1.2449	0.7152
afford	1399	1.2449	0.7962
anche	1400	1.2449	0.5901
lls	1401	1.2449	0.5544
fam	1402	1.2449	0.5901
conversation	1403	1.2449	0.6237
learning	1404	1.2449	0.6237
sane	1405	1.2449	0.6556
felt	1406	1.2449	0.5901
green	1407	1.2449	0.7431
har	1408	1.2449	0.6237
cupcake	1409	1.2449	0.5901
deeds	1410	1.2449	0.5901
download	1411	1.2449	0.6237
makers	1412	1.2449	0.6860
collar	1413	1.2449	0.6237
volunteer	1414	1.2449	0.6860
paul	1415	1.2449	0.7152
huntington	1416	1.2449	0.6556
secure	1417	1.2449	0.5901
dressed	1418	1.2449	0.6556
boldface	1419	1.2449	0.6556
power	1420	1.2449	0.6556
dining	1421	1.2449	0.6860
legend	1422	1.2400	0.5851
business	1423	1.2400	0.5851
ears	1424	1.2400	0.6499
instant	1425	1.2400	0.6499
albert	1426	1.2400	0.8139
we're	1427	1.2400	0.7088
want	1428	1.2400	0.5499
referred	1429	1.2400	0.6499
grandfather	1430	1.2400	0.6499
appears	1431	1.2400	0.5122
sentences	1432	1.2400	0.6499
realised	1433	1.2400	0.6184
am	1434	1.2400	0.7632
running	1435	1.2400	0.7088
could	1436	1.2400	0.6800
luckily	1437	1.2400	0.5851
former	1438	1.2400	0.5499
jay	1439	1.2400	0.7088
observer	1440	1.2400	0.5122
infant	1441	1.2400	0.6499
flown	1442	1.2400	0.5499
forest	1443	1.2400	0.5499
zone	1444	1.2400	0.7088
featured	1445	1.2400	0.5499
survey	1446	1.2400	0.5499
examined	1447	1.2400	0.6184
play	1448	1.2400	0.6800
england	1449	1.2400	0.5499
atlantic	1450	1.2400	0.7088
product	1451	1.2400	0.5499
harris	1452	1.2400	0.6184
eastside	1453	1.2400	0.6499
ira	1454	1.2400	0.6499
poems	1455	1.2400	0.6184
somethin	1456	1.2400	0.7365
bid	1457	1.2400	0.5851
brad	1458	1.2400	0.7365
hw	1459	1.2400	0.7088
dreams	1460	1.2400	0.5499
ok	1461	1.2400	0.7088
membership	1462	1.2400	0.5122
value	1463	1.2400	0.6499
manhattan	1464	1.2400	0.6184
agreed	1465	1.2400	0.6499
singapore	1466	1.2400	0.6499
speakers	1467	1.2400	0.6499
sih	1468	1.2400	0.5499
central	1469	1.2400	0.6800
informal	1470	1.2400	0.5851
diaries	1471	1.2400	0.5499
splendid	1472	1.2400	0.7632
preliminary	1473	1.2400	0.6800
florence	1474	1.2400	0.5851
menos	1475	1.2400	0.7088
decent	1476	1.2400	0.7088
pick	1477	1.2400	0.6184
ya	1478	1.2400	0.5851
soap	1479	1.2400	0.7088
dating	1480	1.2400	0.5499
sheep	1481	1.2400	0.4716
care	1482	1.2400	0.6800
turn	1483	1.2400	0.5499
appointment	1484	1.2400	0.6184
9pm	1485	1.2400	0.5499
raining	1486	1.2400	0.6184
thoughts	1487	1.2400	0.5851
oakland	1488	1.2400	0.5851
therefore	1489	1.2400	0.6184
aide	1490	1.2400	0.6184
rides	1491	1.2400	0.6800
gradually	1492	1.2400	0.5851
stars	1493	1.2400	0.6800
clearer	1494	1.2400	0.5851
veterans	1495	1.2400	0.5122
units	1496	1.2292	0.7703
allow	1497	1.2292	0.6843
reaching	1498	1.2245	0.6473
online	1499	1.2245	0.5446
sort	1500	1.2245	0.5446
branch	1501	1.2245	0.6473
widely	1502	1.2245	0.6473
apartment	1503	1.2245	0.7631
profile	1504	1.2245	0.5057
mm	1505	1.2245	0.6150
cincinnati	1506	1.2245	0.6150
think	1507	1.2245	0.5057
swim	1508	1.2245	0.6150
relationships	1509	1.2245	0.6150
ray	1510	1.2245	0.7075
award	1511	1.2245	0.6781
related	1512	1.2245	0.5808
daniel	1513	1.2245	0.7075
depois	1514	1.2245	0.5446
proceed	1515	1.2245	0.7894
halo	1516	1.2245	0.6781
quel	1517	1.2245	0.6473
tower	1518	1.2245	0.5446
circular	1519	1.2245	0.6150
breast	1520	1.2245	0.7075
metal	1521	1.2245	0.6150
substantial	1522	1.2245	0.6150
ideal	1523	1.2245	0.6781
land	1524	1.2245	0.5808
lg	1525	1.2200	0.6720
models	1526	1.2200	0.6720
hello	1527	1.2200	0.5400
national	1528	1.2200	0.5016
great-grandchildren	1529	1.2200	0.5016
surprisingly	1530	1.2200	0.5758
hs	1531	1.2200	0.7291
pants	1532	1.2200	0.6096
entre	1533	1.2200	0.5400
fresh	1534	1.2200	0.5758
cultural	1535	1.2200	0.5400
colour	1536	1.2200	0.6096
pin	1537	1.2200	0.5400
nights	1538	1.2200	0.5400
ball	1539	1.2200	0.7011
light	1540	1.2200	0.6096
1960's	1541	1.2200	0.6096
given	1542	1.2200	0.5400
athletes	1543	1.2200	0.5758
butter	1544	1.2200	0.7560
mechanical	1545	1.2200	0.6096
expression	1546	1.2200	0.5758
intelligence	1547	1.2200	0.5758
let	1548	1.2200	0.7011
ive	1549	1.2200	0.5758
cafe	1550	1.2200	0.6416
passage	1551	1.2200	0.5400
treasure	1552	1.2200	0.5758
theaters	1553	1.2200	0.6096
christmas	1554	1.2200	0.6720
i'll	1555	1.2200	0.5400
assigned	1556	1.2200	0.5758
briefly	1557	1.2200	0.6096
successful	1558	1.2200	0.5758
lah	1559	1.2200	0.5758
audiences	1560	1.2200	0.5016
fame	1561	1.2200	0.6096
surface	1562	1.2200	0.5758
looked	1563	1.2200	0.6416
entrance	1564	1.2200	0.5758
members	1565	1.2200	0.6720
inventory	1566	1.2200	0.5758
pronto	1567	1.2200	0.6096
well	1568	1.2200	0.6416
co-op	1569	1.2200	0.6416
females	1570	1.2200	0.6416
donna	1571	1.2200	0.5400
nicht	1572	1.2200	0.6096
pero	1573	1.2200	0.6720
funds	1574	1.2200	0.5400
same	1575	1.2200	0.6096
certainty	1576	1.2200	0.5400
update	1577	1.2200	0.5400
outlets	1578	1.2200	0.6416
anata	1579	1.2200	0.7011
halfway	1580	1.2200	0.6096
ds	1581	1.2200	0.6720
sidney	1582	1.2200	0.6416
involvement	1583	1.2200	0.6096
always	1584	1.2200	0.5758
lagi	1585	1.2200	0.5758
traded	1586	1.2200	0.5400
such	1587	1.2200	0.7291
railway	1588	1.2200	0.6096
per	1589	1.2200	0.6416
generated	1590	1.2174	0.5866
photograph	1591	1.2083	0.5385
giving	1592	1.2083	0.6110
pa	1593	1.2083	0.5385
people's	1594	1.2041	0.4508
coverage	1595	1.2041	0.5707
wayne	1596	1.2041	0.6694
strong	1597	1.2041	0.4940
private	1598	1.2041	0.5707
father	1599	1.2041	0.6694
lang	1600	1.2041	0.5707
wireless	1601	1.2041	0.6054
bc	1602	1.2041	0.6054
randomly	1603	1.2041	0.5707
himself	1604	1.2041	0.6054
jenny	1605	1.2041	0.6054
sciences	1606	1.2041	0.6054
except	1607	1.2041	0.6382
waves	1608	1.2041	0.6694
franklin	1609	1.2041	0.6054
sp	1610	1.2041	0.5337
dictionary	1611	1.2041	0.6382
existence	1612	1.2041	0.7279
statement	1613	1.2041	0.5707
probably	1614	1.2041	0.5707
gen	1615	1.2041	0.5337
apply	1616	1.2041	0.6054
sono	1617	1.2041	0.6054
marvin	1618	1.2041	0.5337
lawn	1619	1.2041	0.5337
guiding	1620	1.2041	0.6054
water	1621	1.2000	0.6325
roam	1622	1.2000	0.6325
dad	1623	1.2000	0.6325
preface	1624	1.2000	0.4472
asi	1625	1.2000	0.4899
tasting	1626	1.2000	0.6000
dmx	1627	1.2000	0.5292
visits	1628	1.2000	0.6325
cool	1629	1.2000	0.5292
surrounding	1630	1.2000	0.5292
obtaining	1631	1.2000	0.7483
icon	1632	1.2000	0.6633
mins	1633	1.2000	0.4899
sera	1634	1.2000	0.5292
like	1635	1.2000	0.6633
suggestions	1636	1.2000	0.6325
subjective	1637	1.2000	0.5292
progress	1638	1.2000	0.5292
theater	1639	1.2000	0.6000
celebrate	1640	1.2000	0.5657
towards	1641	1.2000	0.4899
brick	1642	1.2000	0.4899
state	1643	1.2000	0.6325
ikea	1644	1.2000	0.4472
civil	1645	1.2000	0.5292
considerably	1646	1.2000	0.5657
wins	1647	1.2000	0.6325
motor	1648	1.2000	0.5657
asking	1649	1.2000	0.6325
still	1650	1.2000	0.6000
vivo	1651	1.2000	0.6325
jefferson	1652	1.2000	0.6000
tall	1653	1.2000	0.6633
determination	1654	1.2000	0.5292
tasty	1655	1.2000	0.6000
footsteps	1656	1.2000	0.5657
dana	1657	1.2000	0.6325
a	1658	1.2000	0.6000
concepts	1659	1.2000	0.6000
yeah	1660	1.2000	0.7211
themselves	1661	1.2000	0.6633
remark	1662	1.2000	0.5292
travel	1663	1.2000	0.6633
bobby	1664	1.2000	0.5292
woman	1665	1.2000	0.5657
dawning	1666	1.2000	0.7483
presentation	1667	1.2000	0.6633
she	1668	1.2000	0.4472
clip	1669	1.2000	0.4472
remainder	1670	1.2000	0.6000
said	1671	1.2000	0.5292
reform	1672	1.2000	0.4899
of	1673	1.2000	0.6325
making	1674	1.2000	0.6633
daughter	1675	1.2000	0.6000
glowing	1676	1.2000	0.4899
banana	1677	1.2000	0.5657
pieces	1678	1.2000	0.4899
waan	1679	1.2000	0.5657
construct	1680	1.2000	0.5657
hamilton	1681	1.2000	0.4899
desired	1682	1.2000	0.6928
needs	1683	1.2000	0.5657
circles	1684	1.2000	0.5657
memories	1685	1.2000	0.4472
interpretation	1686	1.2000	0.5292
popular	1687	1.1875	0.5648
flying	1688	1.1875	0.5648
client	1689	1.1875	0.4855
somehow	1690	1.1875	0.5648
leaf	1691	1.1875	0.6663
greatly	1692	1.1875	0.6969
essentially	1693	1.1875	0.5648
grammy	1694	1.1875	0.5266
plain	1695	1.1837	0.5219
skills	1696	1.1837	0.4812
does	1697	1.1837	0.5950
essence	1698	1.1837	0.5596
earlier	1699	1.1837	0.6284
footage	1700	1.1837	0.5219
nurses	1701	1.1837	0.6284
stronger	1702	1.1837	0.5596
tender	1703	1.1837	0.5950
hm	1704	1.1837	0.5950
timber	1705	1.1837	0.4812
wii	1706	1.1837	0.5950
57th	1707	1.1837	0.6600
goals	1708	1.1837	0.5596
n	1709	1.1837	0.6284
hah	1710	1.1837	0.4812
spoken	1711	1.1800	0.5173
rarely	1712	1.1800	0.4771
idea	1713	1.1800	0.5896
walking	1714	1.1800	0.6226
saying	1715	1.1800	0.5896
state's	1716	1.1800	0.5173
skill	1717	1.1800	0.4331
bedtime	1718	1.1800	0.5546
b-day	1719	1.1800	0.4771
landing	1720	1.1800	0.5896
jokes	1721	1.1800	0.5173
anyway	1722	1.1800	0.5896
purchased	1723	1.1800	0.4331
doors	1724	1.1800	0.5896
solution	1725	1.1800	0.5546
across	1726	1.1800	0.5173
cake	1727	1.1800	0.4771
june	1728	1.1800	0.5546
listening	1729	1.1800	0.4331
cm	1730	1.1800	0.6226
equality	1731	1.1800	0.4771
occurs	1732	1.1800	0.5546
we'd	1733	1.1800	0.5896
crop	1734	1.1800	0.5546
optical	1735	1.1800	0.6226
appointed	1736	1.1800	0.6226
word	1737	1.1800	0.4331
ni	1738	1.1800	0.5546
engineers	1739	1.1800	0.5546
qualities	1740	1.1800	0.4331
explore	1741	1.1800	0.7400
varieties	1742	1.1800	0.5896
molecules	1743	1.1800	0.6226
exchanges	1744	1.1800	0.5173
dates	1745	1.1800	0.5173
seventeenth	1746	1.1800	0.5896
active	1747	1.1800	0.4771
fitness	1748	1.1800	0.4331
us	1749	1.1800	0.4331
jar	1750	1.1800	0.5173
van	1751	1.1800	0.5546
maryland	1752	1.1800	0.5546
click	1753	1.1800	0.6226
worlds	1754	1.1800	0.5546
hes	1755	1.1800	0.6838
portrait	1756	1.1800	0.5546
ways	1757	1.1800	0.6838
nova	1758	1.1800	0.4771
cent	1759	1.1800	0.5173
protected	1760	1.1800	0.4771
covering	1761	1.1800	0.5173
new	1762	1.1800	0.6539
phone	1763	1.1800	0.5546
league	1764	1.1800	0.4771
number	1765	1.1800	0.5546
cutie	1766	1.1800	0.5173
expressions	1767	1.1800	0.5173
regards	1768	1.1667	0.4714
north	1769	1.1667	0.4249
olympic	1770	1.1633	0.6177
carrier	1771	1.1633	0.5090
ty	1772	1.1633	0.5476
clue	1773	1.1633	0.5476
talking	1774	1.1633	0.4212
drive	1775	1.1633	0.5837
holidays	1776	1.1633	0.5090
civilization	1777	1.1633	0.5476
grateful	1778	1.1633	0.5837
haircut	1779	1.1633	0.4672
current	1780	1.1633	0.4672
composed	1781	1.1633	0.4212
record	1782	1.1633	0.4672
kevin	1783	1.1633	0.5837
his	1784	1.1633	0.4672
wings	1785	1.1633	0.6177
lisa	1786	1.1633	0.6177
cambridge	1787	1.1633	0.5837
distinctive	1788	1.1633	0.5090
women	1789	1.1633	0.4672
how's	1790	1.1600	0.5426
owns	1791	1.1600	0.4630
path	1792	1.1600	0.6119
=d	1793	1.1600	0.5044
flag	1794	1.1600	0.5426
all	1795	1.1600	0.5044
tyler	1796	1.1600	0.6741
assuming	1797	1.1600	0.4630
let's	1798	1.1600	0.4176
charter	1799	1.1600	0.5426
sections	1800	1.1600	0.4176
definite	1801	1.1600	0.5044
b-includes	1802	1.1600	0.5044
lip	1803	1.1600	0.4630
balanced	1804	1.1600	0.5044
recuerdo	1805	1.1600	0.5426
symbol	1806	1.1600	0.4630
bold	1807	1.1600	0.4630
calif	1808	1.1600	0.6437
sherman	1809	1.1600	0.5044
tomorrow's	1810	1.1600	0.5426
valid	1811	1.1600	0.4176
years	1812	1.1600	0.5044
remind	1813	1.1600	0.5426
cute	1814	1.1600	0.4630
activities	1815	1.1600	0.6119
thankful	1816	1.1600	0.4176
handsome	1817	1.1600	0.5426
vii	1818	1.1600	0.4630
pose	1819	1.1600	0.4630
viva	1820	1.1600	0.5783
feature	1821	1.1600	0.6437
promotion	1822	1.1600	0.4630
thousands	1823	1.1600	0.5426
alaska	1824	1.1600	0.5426
siento	1825	1.1600	0.4630
materials	1826	1.1600	0.5044
exact	1827	1.1600	0.5426
mineral	1828	1.1600	0.5426
inch	1829	1.1489	0.5044
gal	1830	1.1458	0.4560
painting	1831	1.1458	0.4560
century	1832	1.1458	0.5397
laughter	1833	1.1458	0.4560
rhyme	1834	1.1458	0.4560
aspects	1835	1.1429	0.4041
plane	1836	1.1429	0.4518
reviewer	1837	1.1429	0.4041
understood	1838	1.1429	0.5345
exclusively	1839	1.1429	0.4041
moms	1840	1.1429	0.4518
sending	1841	1.1429	0.4518
gracias	1842	1.1429	0.4949
gate	1843	1.1429	0.5345
nations	1844	1.1429	0.5345
bernstein	1845	1.1429	0.4518
mix	1846	1.1429	0.3499
goes	1847	1.1429	0.4041
blessings	1848	1.1400	0.6003
helen	1849	1.1400	0.5295
areas	1850	1.1400	0.4477
coupon	1851	1.1400	0.5295
link	1852	1.1400	0.6328
eye	1853	1.1400	0.5295
aimed	1854	1.1400	0.4477
bloom	1855	1.1400	0.5295
declaration	1856	1.1400	0.4477
amp	1857	1.1400	0.5295
eight	1858	1.1400	0.4477
dice	1859	1.1400	0.4005
holdin	1860	1.1400	0.4477
vida	1861	1.1400	0.5660
kind	1862	1.1400	0.4477
ounce	1863	1.1400	0.5295
smith	1864	1.1400	0.5295
1st	1865	1.1400	0.4903
brilliant	1866	1.1400	0.4477
gloria	1867	1.1400	0.5660
samples	1868	1.1400	0.4477
truth	1869	1.1400	0.3470
dot	1870	1.1400	0.4477
position	1871	1.1400	0.5295
dozens	1872	1.1400	0.5295
fact	1873	1.1400	0.4005
resort	1874	1.1400	0.4903
checked	1875	1.1400	0.4477
machinery	1876	1.1400	0.4005
bridge	1877	1.1400	0.4477
wk	1878	1.1400	0.5295
filled	1879	1.1400	0.4477
tag	1880	1.1400	0.4005
turns	1881	1.1400	0.5295
friendship	1882	1.1400	0.4477
ff	1883	1.1400	0.4477
amber	1884	1.1400	0.5295
track	1885	1.1400	0.4005
purchase	1886	1.1400	0.4005
bell	1887	1.1400	0.4477
wheel	1888	1.1250	0.3307
inches	1889	1.1224	0.5203
chocolate	1890	1.1224	0.5203
capacity	1891	1.1224	0.4348
acres	1892	1.1224	0.4348
agricultural	1893	1.1224	0.4795
pleasant	1894	1.1224	0.4348
sent	1895	1.1224	0.5203
proved	1896	1.1224	0.4348
education	1897	1.1200	0.3250
friend	1898	1.1200	0.4308
dance	1899	1.1200	0.4750
entry	1900	1.1200	0.4750
fruit	1901	1.1200	0.3816
wonderful	1902	1.1200	0.3816
grandsons	1903	1.1200	0.4750
o	1904	1.1200	0.3816
originally	1905	1.1200	0.3816
inspired	1906	1.1200	0.3250
mister	1907	1.1200	0.4750
car	1908	1.1200	0.5154
id	1909	1.1200	0.4308
sets	1910	1.1200	0.5879
pilot	1911	1.1200	0.4308
characterized	1912	1.1200	0.4750
will	1913	1.1200	0.3816
sofa	1914	1.1200	0.5154
grandmother	1915	1.1200	0.5154
he	1916	1.1200	0.4308
carried	1917	1.1200	0.3816
performed	1918	1.1200	0.4750
showing	1919	1.1200	0.3816
global	1920	1.1200	0.3816
gives	1921	1.1200	0.3816
candles	1922	1.1200	0.3816
guitars	1923	1.1200	0.5154
bedroom	1924	1.1200	0.5154
perfectly	1925	1.1200	0.4308
worth	1926	1.1200	0.3816
spaces	1927	1.1200	0.4308
niece	1928	1.1042	0.4672
style	1929	1.1042	0.3674
essential	1930	1.1042	0.3674
wonders	1931	1.1042	0.3674
would	1932	1.1020	0.3027
canon	1933	1.1020	0.3639
their	1934	1.1020	0.4627
abc	1935	1.1020	0.3639
tokyo	1936	1.1020	0.4162
roses	1937	1.1020	0.5049
acceptance	1938	1.1020	0.4162
solutions	1939	1.1020	0.4162
tone	1940	1.1020	0.4162
dozen	1941	1.1020	0.3639
obtained	1942	1.1000	0.3606
hoping	1943	1.1000	0.3000
saves	1944	1.1000	0.4583
youth	1945	1.1000	0.4123
collected	1946	1.1000	0.4583
curtains	1947	1.1000	0.4123
thursdays	1948	1.1000	0.3000
fr	1949	1.1000	0.5745
continuous	1950	1.1000	0.4123
premier	1951	1.1000	0.4123
interior	1952	1.1000	0.3606
times	1953	1.1000	0.5000
wholly	1954	1.1000	0.3606
series	1955	1.1000	0.3606
stamford	1956	1.1000	0.3606
steppin	1957	1.1000	0.4583
right	1958	1.1000	0.4583
toy	1959	1.1000	0.3000
planned	1960	1.1000	0.3000
star	1961	1.1000	0.3606
rises	1962	1.0816	0.3403
l	1963	1.0816	0.3403
gentle	1964	1.0800	0.2713
baila	1965	1.0800	0.3370
earning	1966	1.0800	0.3370
possibly	1967	1.0800	0.3370
fix	1968	1.0800	0.3370
vacation	1969	1.0800	0.3370
somebody	1970	1.0800	0.4400
suite	1971	1.0800	0.3370
diamonds	1972	1.0800	0.3370
doorway	1973	1.0800	0.2713
quick	1974	1.0800	0.2713
connect	1975	1.0800	0.3370
book	1976	1.0800	0.3370
mile	1977	1.0800	0.3370
directly	1978	1.0800	0.4400
supported	1979	1.0800	0.3370
forward	1980	1.0800	0.3370
orange	1981	1.0800	0.4400
lay	1982	1.0800	0.2713
o'neill	1983	1.0800	0.2713
resolve	1984	1.0800	0.3370
ones	1985	1.0800	0.2713
circle	1986	1.0612	0.2397
appreciation	1987	1.0600	0.2375
arts	1988	1.0600	0.4200
latest	1989	1.0600	0.3105
story	1990	1.0600	0.2375
joined	1991	1.0600	0.2375
hawaii	1992	1.0600	0.2375
joy	1993	1.0417	0.1998
relaxing	1994	1.0408	0.2828
foundation	1995	1.0400	0.1960
relax	1996	1.0400	0.1960
piano	1997	1.0400	0.2800
opens	1998	1.0204	0.1414
presence	1999	1.0000	0.0000
