war	0	4.2000	1.0198
tortured	1	4.1818	1.3858
death	2	4.1800	1.2114
killer	3	4.1136	1.3661
murdered	4	4.0600	1.1029
torture	5	3.9400	1.1732
jail	6	3.9000	1.0817
killin	7	3.8085	1.3549
dying	8	3.7872	1.3092
fatal	9	3.6800	1.1565
died	10	3.6600	1.3358
earthquake	11	3.6400	1.3078
bombing	12	3.4800	1.4999
surgery	13	3.4468	1.5115
violent	14	3.4400	1.3588
deadly	15	3.4255	1.4363
holocaust	16	3.3800	1.5478
emergency	17	3.2766	1.3751
scary	18	3.2600	1.4256
unemployment	19	3.2400	1.4361
failure	20	3.2400	1.1926
monsters	21	3.2000	1.4283
pistol	22	3.1800	1.3370
monster	23	3.1800	1.3956
slap	24	3.1136	1.2899
loss	25	3.0600	1.3771
infection	26	3.0400	1.2643
fire	27	3.0200	1.4070
needles	28	3.0200	1.1223
damages	29	3.0200	1.1400
crashing	30	2.9600	1.3851
panic	31	2.9574	1.3637
bugs	32	2.9545	1.3553
missing	33	2.9400	1.1732
temper	34	2.9400	1.2555
prisoners	35	2.9400	1.4479
fraud	36	2.9000	1.3892
trapped	37	2.8723	1.5961
weapons	38	2.8723	1.3971
devil	39	2.8600	1.6614
recession	40	2.8511	1.3700
aids	41	2.8409	1.5387
hurting	42	2.8400	1.2387
fought	43	2.8000	1.2490
flights	44	2.7447	1.3209
poverty	45	2.7400	1.2460
blast	46	2.7234	1.5726
burnin	47	2.7000	1.4177
suffering	48	2.7000	1.4177
mortality	49	2.7000	1.3153
cemetery	50	2.7000	1.2689
betray	51	2.7000	1.2689
mortal	52	2.6818	1.3170
flames	53	2.6800	1.1906
nervous	54	2.6600	1.0883
confrontation	55	2.6600	1.1766
violations	56	2.6600	1.2587
lies	57	2.6600	1.0698
vengeance	58	2.6400	1.2924
hurts	59	2.6400	1.2611
difficult	60	2.6400	1.0911
dread	61	2.6383	1.3897
diagnosis	62	2.6200	1.2472
pollution	63	2.6000	1.2329
motherfucker	64	2.6000	1.5100
anger	65	2.6000	1.2649
screamed	66	2.6000	1.3416
smoking	67	2.5957	1.5214
broke	68	2.5800	1.2820
suspended	69	2.5745	1.3895
bleed	70	2.5600	1.1517
hate	71	2.5600	1.2831
resignation	72	2.5600	1.2674
mad	73	2.5600	1.2674
sting	74	2.5600	1.2355
depressed	75	2.5532	1.3888
prosecutor	76	2.5532	1.1729
graves	77	2.5400	1.3596
loneliness	78	2.5400	1.2524
baghdad	79	2.5227	1.2652
gore	80	2.5200	1.2528
allegations	81	2.5000	1.0247
abnormal	82	2.5000	1.3981
pirate	83	2.5000	1.3304
hangover	84	2.4800	1.2998
penalties	85	2.4800	1.1873
charges	86	2.4773	1.3101
pirates	87	2.4600	1.2682
slipped	88	2.4468	1.2513
hates	89	2.4468	1.1069
risk	90	2.4468	1.1992
desperation	91	2.4400	1.0229
boss	92	2.4400	1.0800
angry	93	2.4200	1.1847
wolves	94	2.4200	1.2820
slaves	95	2.4043	1.2955
isolated	96	2.4043	1.2106
fury	97	2.4000	1.2329
offensive	98	2.3864	1.1600
aching	99	2.3830	1.1711
burnt	100	2.3830	1.2587
anxious	101	2.3800	1.2311
bitch	102	2.3800	1.2311
bear	103	2.3800	1.2311
cage	104	2.3617	1.3047
guilty	105	2.3617	1.1670
burst	106	2.3600	1.2769
sinner	107	2.3404	1.1985
saddened	108	2.3404	1.1806
tensions	109	2.3400	1.1766
kick	110	2.3200	1.1737
rebels	111	2.3191	1.2114
screwed	112	2.3191	1.2114
blind	113	2.3000	1.3304
tobacco	114	2.3000	1.2845
police	115	2.3000	1.1533
dislike	116	2.3000	1.1533
lonesome	117	2.2979	1.1885
argue	118	2.2800	1.0962
rotting	119	2.2800	1.1839
disrespect	120	2.2766	1.1829
fuckin	121	2.2766	1.2357
cliff	122	2.2766	1.2863
obsession	123	2.2600	1.2298
accused	124	2.2600	1.2619
sadness	125	2.2600	1.2777
insecure	126	2.2600	1.3388
liability	127	2.2600	0.9759
financial	128	2.2553	1.2300
naked	129	2.2500	1.4655
tension	130	2.2400	1.2093
sentenced	131	2.2400	1.3200
acid	132	2.2400	1.0500
mold	133	2.2400	1.2257
age	134	2.2340	1.1523
retarded	135	2.2340	1.2239
shaking	136	2.2273	1.2208
conviction	137	2.2200	1.3898
syndrome	138	2.2200	1.1881
fake	139	2.2128	1.2348
medical	140	2.2045	1.2117
hypnotized	141	2.1915	1.3596
negative	142	2.1818	1.1240
blizzard	143	2.1800	1.0524
collide	144	2.1800	1.1259
alien	145	2.1800	1.3068
criticized	146	2.1600	1.0268
rob	147	2.1600	1.3017
dizzy	148	2.1591	1.2661
hunt	149	2.1400	1.0956
whore	150	2.1400	1.1137
complaints	151	2.1400	1.2492
governments	152	2.1364	1.1817
crush	153	2.1364	1.1817
forgetting	154	2.1277	1.2229
wrong	155	2.1200	1.1250
darkened	156	2.1200	1.0703
rowdy	157	2.1200	1.2750
troubles	158	2.1200	1.1426
consequence	159	2.1200	1.3212
whack	160	2.1200	1.1071
nigga	161	2.1136	1.1707
blades	162	2.1000	1.3000
issues	163	2.1000	1.2530
blocked	164	2.1000	1.2369
savage	165	2.1000	1.2042
unfortunate	166	2.1000	1.1000
authorities	167	2.1000	1.0050
pregnancy	168	2.0851	1.3865
warrior	169	2.0800	1.1107
investigations	170	2.0800	1.1805
investigators	171	2.0800	1.1461
flying	172	2.0600	1.3025
misidentified	173	2.0600	1.1386
tremble	174	2.0600	1.1029
guilt	175	2.0600	1.0846
woe	176	2.0600	1.1029
tattoo	177	2.0600	1.1732
locked	178	2.0600	1.2068
bury	179	2.0600	1.1209
demanded	180	2.0426	0.9255
boa	181	2.0400	1.3705
racial	182	2.0400	1.2322
defeated	183	2.0400	1.0947
mouse	184	2.0400	1.2643
training	185	2.0213	1.0832
noise	186	2.0213	1.2645
ocean	187	2.0213	1.3926
illusions	188	2.0200	1.2081
omitted	189	2.0200	1.0675
heights	190	2.0000	1.2806
legislators	191	2.0000	1.0719
lawyers	192	2.0000	1.1485
weird	193	2.0000	1.0583
encounter	194	2.0000	1.3565
vietnam	195	1.9800	1.1400
freaky	196	1.9800	1.1574
opposition	197	1.9800	0.9693
widow	198	1.9800	1.2081
chase	199	1.9787	1.2274
dammit	200	1.9787	0.9764
shatter	201	1.9787	0.9764
strife	202	1.9773	0.8870
losers	203	1.9600	1.1482
smashed	204	1.9600	1.1128
forest	205	1.9600	1.2322
ripped	206	1.9600	1.0947
ripping	207	1.9574	0.9406
economics	208	1.9574	1.1812
wasting	209	1.9574	1.0061
funds	210	1.9574	1.0677
specimens	211	1.9545	1.0995
torn	212	1.9400	1.0278
compete	213	1.9400	0.9468
conservative	214	1.9400	1.2870
bat	215	1.9400	1.0082
fiend	216	1.9400	1.1209
cia	217	1.9362	1.1697
pit	218	1.9362	1.0749
refused	219	1.9318	1.2588
deleted	220	1.9200	1.0361
louder	221	1.9200	1.1805
finals	222	1.9200	1.0741
hardcore	223	1.9200	1.1461
bronx	224	1.9200	1.1107
shiver	225	1.9200	1.2139
inevitable	226	1.9200	0.8908
trance	227	1.9149	1.2632
sexual	228	1.9149	1.3448
ruins	229	1.9000	1.1874
regulators	230	1.9000	1.1180
losing	231	1.9000	1.1000
mystery	232	1.9000	1.1180
asshole	233	1.9000	1.0440
disguise	234	1.8936	0.9854
mean	235	1.8936	0.9412
strapped	236	1.8864	0.9847
crooked	237	1.8800	1.1071
fooled	238	1.8800	1.0703
presentation	239	1.8723	1.1508
scattered	240	1.8636	1.1782
incidence	241	1.8600	1.1137
mess	242	1.8600	0.9800
nights	243	1.8600	1.1664
mysterious	244	1.8600	1.0200
investigating	245	1.8600	0.9594
serbian	246	1.8511	1.0994
mathematics	247	1.8511	1.2100
poor's	248	1.8511	1.2100
no	249	1.8400	1.0461
resigned	250	1.8400	1.0268
escape	251	1.8400	1.1200
proposals	252	1.8400	1.2060
election	253	1.8400	1.2387
despise	254	1.8400	1.0837
pleaded	255	1.8400	0.9666
cryin	256	1.8400	0.9243
plane	257	1.8298	1.1424
audiences	258	1.8298	1.2491
stripped	259	1.8200	0.9527
slam	260	1.8200	0.9527
slick	261	1.8200	0.9315
forgotten	262	1.8200	0.9527
news	263	1.8200	1.0524
roughly	264	1.8200	1.0898
principal	265	1.8182	1.0847
tender	266	1.8085	1.0898
appointment	267	1.8085	0.9656
halloween	268	1.8085	1.0898
laws	269	1.8000	1.0770
old	270	1.8000	1.2166
exhausted	271	1.8000	1.0770
zit	272	1.8000	1.1136
judges	273	1.8000	1.1314
rush	274	1.7955	1.0666
loose	275	1.7955	1.1287
studies	276	1.7872	1.0545
melting	277	1.7872	0.8784
suck	278	1.7800	0.9652
govt	279	1.7800	0.9442
wanted	280	1.7800	1.1007
cave	281	1.7800	1.0638
negotiate	282	1.7727	0.9330
messed	283	1.7660	0.9964
disclosure	284	1.7660	1.1909
erase	285	1.7660	1.0382
jobs	286	1.7660	1.1547
organs	287	1.7660	1.0585
arafat	288	1.7600	1.0874
snatch	289	1.7600	0.9708
freakin	290	1.7600	0.9708
muslim	291	1.7600	0.8845
moan	292	1.7600	0.9912
power	293	1.7500	0.8855
ohhhh	294	1.7447	1.0820
mother-in-law	295	1.7447	0.9343
tied	296	1.7400	0.9962
held	297	1.7400	1.0161
removal	298	1.7400	1.0735
unlike	299	1.7400	1.0735
miles	300	1.7400	0.9759
tyson	301	1.7400	1.1280
anti	302	1.7400	0.9552
rapid	303	1.7400	0.8200
affairs	304	1.7400	1.1101
kickin	305	1.7400	0.9124
ass	306	1.7273	1.0075
media	307	1.7273	1.0075
homeboy	308	1.7234	1.0037
cut	309	1.7234	0.9822
nurses	310	1.7200	1.0206
hottest	311	1.7200	1.0400
lust	312	1.7200	1.1321
omg	313	1.7200	1.0206
memo	314	1.7045	1.0311
rags	315	1.7021	1.0681
lowest	316	1.7021	0.8947
tangled	317	1.7021	0.7939
excuse	318	1.7000	0.9000
damn	319	1.7000	0.8062
nowhere	320	1.7000	0.9000
investments	321	1.7000	1.0247
hotter	322	1.7000	0.9644
plaintiff	323	1.7000	0.8775
corrected	324	1.7000	0.9434
matrix	325	1.7000	0.9434
accounting	326	1.7000	1.1358
temperature	327	1.7000	1.2369
rides	328	1.7000	1.0247
pretax	329	1.6818	0.9153
salvation	330	1.6818	0.8642
finite	331	1.6818	1.0097
ecstasy	332	1.6818	0.9637
carrier	333	1.6809	1.1286
physicians	334	1.6809	0.8735
theology	335	1.6809	0.8976
arrow	336	1.6809	0.9210
manufacturing	337	1.6809	0.9661
erased	338	1.6800	0.8588
uptight	339	1.6800	0.9474
dependence	340	1.6800	0.9261
investigate	341	1.6800	0.9474
interview	342	1.6800	1.0852
fog	343	1.6800	0.8109
raw	344	1.6800	0.9261
reductions	345	1.6800	1.0088
atoms	346	1.6800	1.1034
discipline	347	1.6800	0.9261
drinking	348	1.6800	0.9261
shy	349	1.6800	0.9261
chills	350	1.6800	0.8352
beatles	351	1.6600	1.0121
demonstration	352	1.6600	1.0509
depend	353	1.6600	0.8628
stained	354	1.6600	0.8857
whiskey	355	1.6600	0.9922
sticky	356	1.6600	0.8857
node	357	1.6600	0.9922
tore	358	1.6600	0.9080
biblical	359	1.6600	1.0883
crawl	360	1.6600	1.0121
animals	361	1.6600	1.1065
priests	362	1.6600	0.9297
lazy	363	1.6600	1.1065
morality	364	1.6600	1.2427
mccain	365	1.6596	1.0725
surrounding	366	1.6596	0.9460
conclude	367	1.6596	0.9900
evidence	368	1.6400	0.9749
ending	369	1.6400	1.0346
popped	370	1.6400	0.9541
academic	371	1.6400	0.9113
philosophical	372	1.6400	0.9541
resistance	373	1.6400	0.9113
stimulus	374	1.6400	0.9330
examined	375	1.6400	0.9952
dump	376	1.6400	0.9330
classified	377	1.6400	0.9749
administration	378	1.6400	1.0151
turkish	379	1.6400	0.9749
terrific	380	1.6383	1.0937
explore	381	1.6383	1.0337
nova	382	1.6383	1.0337
gas	383	1.6383	0.8778
provision	384	1.6383	0.8533
progress	385	1.6364	0.9640
wont	386	1.6364	0.8646
faith	387	1.6364	0.8905
boldface	388	1.6364	1.0101
freeway	389	1.6341	0.8195
defending	390	1.6200	0.7972
agents	391	1.6200	0.9978
obligation	392	1.6200	0.9141
busy	393	1.6200	0.9141
sucks	394	1.6200	0.9141
hungry	395	1.6200	0.9569
bridge	396	1.6200	1.0176
shakes	397	1.6200	0.9357
sensitivity	398	1.6200	1.0176
bom	399	1.6200	1.1294
empire	400	1.6200	0.9141
involvement	401	1.6200	0.9775
influences	402	1.6200	0.9141
strictly	403	1.6200	0.9978
patient's	404	1.6170	0.8793
summertime	405	1.6170	1.0752
doo	406	1.6170	0.8034
ich	407	1.6170	0.9712
nitrogen	408	1.6170	1.0552
emerged	409	1.6170	1.0349
dum	410	1.6170	0.8793
empirical	411	1.6170	0.9031
emo	412	1.6170	0.8547
gods	413	1.6170	1.0552
society	414	1.6170	0.9491
hide	415	1.6136	0.8640
compelled	416	1.6136	0.9868
excuses	417	1.6136	0.8899
majesty	418	1.6136	1.0536
hooked	419	1.6000	0.8718
practical	420	1.6000	0.9592
economists	421	1.6000	0.9381
singapore	422	1.6000	1.1136
labour	423	1.6000	0.8485
overcome	424	1.6000	0.8944
spending	425	1.6000	0.9798
clergy	426	1.6000	0.9381
whispering	427	1.6000	0.8485
kerry	428	1.6000	0.9592
shadow	429	1.5957	0.8304
reported	430	1.5957	1.0149
assets	431	1.5957	0.9273
compare	432	1.5957	0.8802
hype	433	1.5957	0.8304
shaggy	434	1.5957	0.9721
amount	435	1.5957	0.9937
closed	436	1.5909	0.9625
blunt	437	1.5909	0.7502
changes	438	1.5800	0.9185
climbing	439	1.5800	1.0787
defensive	440	1.5800	0.8738
advocate	441	1.5800	1.0018
editorials	442	1.5800	0.9185
period	443	1.5800	1.0787
executives	444	1.5800	1.0018
thrill	445	1.5800	0.9400
toss	446	1.5800	0.9610
road	447	1.5800	0.9185
distance	448	1.5800	1.0018
souls	449	1.5800	0.9185
bet	450	1.5745	0.8309
ang	451	1.5745	0.9503
aides	452	1.5745	0.9503
exchanges	453	1.5745	0.9277
females	454	1.5745	1.0959
mount	455	1.5745	0.9044
binding	456	1.5745	0.9044
assumptions	457	1.5682	0.8067
canon	458	1.5682	0.8872
tie	459	1.5682	0.8872
reflected	460	1.5610	0.8656
nevertheless	461	1.5600	0.8980
votes	462	1.5600	1.0423
contract	463	1.5600	0.8523
biggest	464	1.5600	0.9200
stroll	465	1.5600	0.9415
complex	466	1.5600	0.9415
conquest	467	1.5600	0.8523
tan	468	1.5600	0.8754
tummy	469	1.5600	1.0032
adjustment	470	1.5600	0.9831
karaoke	471	1.5600	0.8980
chillin	472	1.5600	0.9625
scripture	473	1.5600	0.9415
nothings	474	1.5600	0.8980
customs	475	1.5600	0.9415
long	476	1.5600	0.8980
lobby	477	1.5600	0.8980
laced	478	1.5600	0.9200
episcopal	479	1.5532	0.9044
economist	480	1.5532	0.9276
memphis	481	1.5532	0.8048
transactions	482	1.5532	0.9503
randomly	483	1.5532	0.8560
reducing	484	1.5532	0.9276
recalled	485	1.5455	0.8850
disclosed	486	1.5400	0.7269
immigrants	487	1.5400	0.9425
beers	488	1.5400	1.1351
visitation	489	1.5400	0.7539
snap	490	1.5400	0.8766
faced	491	1.5400	0.8766
monetary	492	1.5400	0.8535
taxpayers	493	1.5400	0.8991
ethics	494	1.5400	0.8991
mask	495	1.5400	0.7269
command	496	1.5400	0.7800
ritual	497	1.5400	0.8297
acceptance	498	1.5400	0.8766
mek	499	1.5400	0.9635
jay-z	500	1.5400	0.9635
versus	501	1.5400	0.8535
shawty	502	1.5400	1.0042
reform	503	1.5400	0.8052
goals	504	1.5400	1.0042
professionals	505	1.5319	0.8042
federation	506	1.5319	0.8302
muy	507	1.5319	1.0147
current	508	1.5319	0.9719
asking	509	1.5319	0.8555
sweep	510	1.5319	0.9719
performed	511	1.5319	0.9719
remark	512	1.5319	0.9719
maureen	513	1.5319	0.8042
kissed	514	1.5319	0.8800
private	515	1.5227	0.7724
drive	516	1.5227	0.8292
passing	517	1.5227	0.8823
least	518	1.5227	0.7111
interpretation	519	1.5227	0.7724
hier	520	1.5200	0.8773
lack	521	1.5200	0.8542
minus	522	1.5200	0.7808
equations	523	1.5200	0.8998
soldier	524	1.5200	0.7808
israelis	525	1.5200	0.8304
beijing	526	1.5200	0.9847
gps	527	1.5200	1.0048
nah	528	1.5200	0.8773
situations	529	1.5200	0.8542
cant	530	1.5200	0.8998
shift	531	1.5200	0.8998
inventory	532	1.5200	1.0438
manhattan	533	1.5200	0.8998
sullivan	534	1.5200	0.8998
five-year	535	1.5200	1.0048
oppose	536	1.5200	0.7808
survivors	537	1.5200	0.9217
concerned	538	1.5200	0.7808
glue	539	1.5200	0.7547
rehearsal	540	1.5200	0.8998
surrounds	541	1.5200	0.8773
broadcasting	542	1.5200	0.8542
shack	543	1.5200	0.8304
infinite	544	1.5200	0.8542
lawn	545	1.5122	0.7958
woah	546	1.5106	1.0346
ou	547	1.5106	0.8789
journey	548	1.5106	0.8030
dates	549	1.5106	0.8544
bosnian	550	1.5106	0.8544
denver	551	1.5000	0.8775
chairman	552	1.5000	0.8062
muero	553	1.5000	0.8775
lessons	554	1.5000	0.7687
zeit	555	1.5000	0.9000
effort	556	1.5000	0.8544
running	557	1.5000	0.7071
katie	558	1.5000	0.9220
carefully	559	1.5000	0.7550
greene	560	1.5000	0.8528
comin	561	1.5000	1.0440
chairwoman	562	1.5000	0.9220
fluid	563	1.5000	0.9220
worn	564	1.5000	0.7810
wait	565	1.5000	0.8775
motor	566	1.5000	0.8062
away	567	1.5000	0.8790
stronger	568	1.5000	0.7977
determination	569	1.5000	0.7550
sciences	570	1.5000	0.7687
waves	571	1.5000	0.7687
knocks	572	1.5000	0.8775
woo	573	1.5000	0.7550
issue	574	1.5000	0.9000
dividends	575	1.5000	0.9000
alma	576	1.5000	0.8528
shyt	577	1.5000	0.8307
deserved	578	1.5000	0.8062
mit	579	1.5000	0.7810
swear	580	1.5000	0.7810
superior	581	1.5000	0.7550
quel	582	1.5000	0.8544
sustained	583	1.5000	0.8775
treated	584	1.5000	0.9220
oakland	585	1.5000	0.9644
horn	586	1.5000	0.9000
appears	587	1.4894	0.8275
paid	588	1.4894	0.8275
stage	589	1.4894	0.9695
hispanic	590	1.4894	0.8275
olvidar	591	1.4894	0.7464
diversity	592	1.4894	0.8528
blown	593	1.4894	0.7743
lick	594	1.4894	0.8528
filter	595	1.4894	0.9473
alternatives	596	1.4894	0.8013
cynthia	597	1.4894	0.8013
existence	598	1.4894	0.8528
thin	599	1.4894	0.9246
walsh	600	1.4894	0.8275
blew	601	1.4800	0.8060
ridge	602	1.4800	0.8060
fantasy	603	1.4800	0.8998
ministry	604	1.4800	0.8542
wholesalers	605	1.4800	0.7808
benz	606	1.4800	1.0998
grin	607	1.4800	0.8542
declaration	608	1.4800	0.9217
llegar	609	1.4800	0.8304
fix	610	1.4800	0.8773
germany	611	1.4800	0.8773
admit	612	1.4800	0.8060
exhibit	613	1.4800	1.0048
doug	614	1.4800	0.9217
role	615	1.4800	0.8060
footsteps	616	1.4800	0.8304
fly	617	1.4800	0.9432
harlem	618	1.4800	0.8773
relationships	619	1.4800	0.9432
question	620	1.4800	0.8542
selling	621	1.4800	0.8542
streams	622	1.4800	0.9432
tire	623	1.4800	0.9432
saving	624	1.4800	0.8304
athletic	625	1.4800	0.6997
rookie	626	1.4800	0.7808
mathematical	627	1.4800	0.8998
lit	628	1.4800	0.8060
water	629	1.4773	0.8752
chocolate	630	1.4773	0.7935
tanto	631	1.4773	0.8752
mondays	632	1.4773	0.7935
grammy	633	1.4773	0.8752
cambridge	634	1.4773	0.8217
distinctive	635	1.4773	0.8217
mah	636	1.4773	0.7340
garlic	637	1.4681	0.8993
kings	638	1.4681	0.9894
crossing	639	1.4681	0.7991
sports	640	1.4681	0.7720
times	641	1.4681	0.9455
dave	642	1.4681	0.8507
priced	643	1.4681	0.9227
station	644	1.4681	0.8993
women	645	1.4681	0.9455
railway	646	1.4681	0.8753
spent	647	1.4600	0.7800
easter	648	1.4600	0.8535
producing	649	1.4600	0.8535
dont	650	1.4600	0.7800
sort	651	1.4600	0.9841
solution	652	1.4600	0.7539
syracuse	653	1.4600	0.9425
chamber	654	1.4600	0.8297
forgiven	655	1.4600	0.9635
agreement	656	1.4600	0.9841
flipped	657	1.4600	0.9425
grasp	658	1.4600	0.7539
blonde	659	1.4600	0.8297
mist	660	1.4600	0.7800
bold	661	1.4600	0.8052
reference	662	1.4600	0.8052
acts	663	1.4600	0.8766
heels	664	1.4600	0.9841
fitness	665	1.4600	0.9211
woman	666	1.4600	0.9211
candles	667	1.4600	0.8991
stretched	668	1.4600	0.8052
carnival	669	1.4600	0.6391
worlds	670	1.4600	0.8052
cultivated	671	1.4600	0.8766
dating	672	1.4600	0.9635
abstract	673	1.4600	0.8297
lord	674	1.4600	0.9211
searched	675	1.4600	0.6989
tweeting	676	1.4600	0.8297
jeanne	677	1.4600	0.8766
expressions	678	1.4600	0.7800
relatives	679	1.4545	0.6969
surprise	680	1.4545	0.7594
footage	681	1.4545	0.7594
leo	682	1.4545	0.7887
century	683	1.4545	0.7288
missy	684	1.4545	0.7594
dictionary	685	1.4545	0.8709
daniel	686	1.4545	0.7594
rolling	687	1.4468	0.9203
poi	688	1.4468	0.9203
veteran	689	1.4468	0.6155
partner	690	1.4468	0.8481
dice	691	1.4468	0.9203
organ	692	1.4468	0.7117
den	693	1.4468	0.8481
tank	694	1.4468	0.7691
estimated	695	1.4468	0.9203
photoshop	696	1.4468	0.7117
said	697	1.4468	0.8968
adios	698	1.4468	0.7691
yur	699	1.4468	0.7410
bulletin	700	1.4468	0.7410
feature	701	1.4468	0.9203
romeo	702	1.4468	0.8728
wana	703	1.4468	0.7691
metal	704	1.4468	0.8728
sailor	705	1.4400	0.8040
msn	706	1.4400	0.8285
corazon	707	1.4400	0.8523
persuade	708	1.4400	0.7787
girlfriend	709	1.4400	1.0800
blues	710	1.4400	0.7526
desires	711	1.4400	0.7787
landing	712	1.4400	0.8523
obtaining	713	1.4400	0.9625
slim	714	1.4400	0.8980
reviewer	715	1.4400	0.7787
former	716	1.4400	0.8523
overcast	717	1.4400	0.8523
coal	718	1.4400	0.8980
aware	719	1.4400	0.9831
agent	720	1.4400	0.8040
nearly	721	1.4400	0.8523
sensation	722	1.4400	0.7787
absorption	723	1.4400	0.9625
meh	724	1.4400	0.6681
entrance	725	1.4400	0.8980
diary	726	1.4400	0.8980
linux	727	1.4400	1.0423
tendency	728	1.4400	0.8285
ooo	729	1.4400	0.8754
todas	730	1.4400	0.8980
endorsed	731	1.4400	0.8980
stuffed	732	1.4400	0.8980
phenomenon	733	1.4400	0.7526
harriet	734	1.4400	0.9625
jewish	735	1.4400	0.6375
making	736	1.4400	0.8523
meyer	737	1.4400	0.7787
languages	738	1.4400	0.7526
miami	739	1.4400	1.0032
expansion	740	1.4400	0.8285
characteristics	741	1.4400	0.8980
upward	742	1.4400	0.8754
aide	743	1.4400	0.9415
tes	744	1.4400	0.7787
drivin	745	1.4400	0.8523
ruff	746	1.4400	0.8285
grateful	747	1.4390	0.7075
plain	748	1.4318	0.7833
nas	749	1.4318	0.6571
cookie	750	1.4318	0.8118
whenever	751	1.4318	0.8118
mack	752	1.4318	0.7833
timber	753	1.4318	0.6908
volunteer	754	1.4318	0.7537
statement	755	1.4318	0.8393
apply	756	1.4318	0.8118
huntington	757	1.4318	0.6571
resolve	758	1.4318	0.7229
fm	759	1.4318	0.7537
einen	760	1.4318	0.7833
substance	761	1.4255	0.6772
dance	762	1.4255	0.7374
lullaby	763	1.4255	0.8939
developments	764	1.4255	0.8449
gardening	765	1.4255	0.8939
sgt	766	1.4255	0.7374
optical	767	1.4255	0.8939
seventeenth	768	1.4255	0.9403
ownership	769	1.4255	0.8939
fo	770	1.4255	0.7657
hitherto	771	1.4255	0.7930
stepping	772	1.4255	0.6450
data	773	1.4255	0.6450
vital	774	1.4255	0.6450
skills	775	1.4200	0.8022
education	776	1.4200	0.8022
comparison	777	1.4200	0.7236
tampa	778	1.4200	0.7769
brotha	779	1.4200	0.7507
di	780	1.4200	1.1152
alleen	781	1.4200	0.8268
soccer	782	1.4200	0.8506
realised	783	1.4200	0.7507
berlin	784	1.4200	0.8268
advised	785	1.4200	0.8506
volume	786	1.4200	0.8506
or	787	1.4200	0.8738
client	788	1.4200	0.7507
turner	789	1.4200	0.8738
mesmo	790	1.4200	0.7236
embrace	791	1.4200	0.8506
series	792	1.4200	0.8738
pumpkin	793	1.4200	1.0216
apartments	794	1.4200	0.9816
kissing	795	1.4200	1.0018
swim	796	1.4200	0.9185
jewels	797	1.4200	0.8964
interpreted	798	1.4200	0.7236
bist	799	1.4200	0.8022
dawning	800	1.4200	0.8268
esther	801	1.4200	0.7769
behold	802	1.4200	0.6660
weeks	803	1.4200	0.8738
dripping	804	1.4200	0.8022
belonging	805	1.4200	0.9400
depois	806	1.4200	0.7236
80's	807	1.4200	0.8964
technology	808	1.4200	0.6660
hoe	809	1.4200	0.8022
processing	810	1.4200	0.7507
siento	811	1.4200	0.8268
transaction	812	1.4200	0.7236
coverage	813	1.4091	0.7474
timbaland	814	1.4091	0.6839
customers	815	1.4091	0.6498
tho	816	1.4091	0.6839
jimmy	817	1.4091	0.8059
ray	818	1.4091	0.8059
fuera	819	1.4091	0.7474
france	820	1.4043	0.8156
organizations	821	1.4043	0.7616
custom	822	1.4043	0.7891
geht	823	1.4043	0.6726
perceived	824	1.4043	0.7035
clip	825	1.4043	0.7891
secondary	826	1.4043	0.6726
mumbai	827	1.4043	0.6726
glowing	828	1.4043	0.7616
purchase	829	1.4043	0.6402
prevented	830	1.4000	0.7746
bedtime	831	1.4000	0.9592
dmx	832	1.4000	0.9381
what	833	1.4000	0.7483
stuart	834	1.4000	0.8000
reputation	835	1.4000	0.7211
joint	836	1.4000	0.8718
tienes	837	1.4000	0.6928
pianist	838	1.4000	0.9165
rihanna	839	1.4000	0.8000
regardless	840	1.4000	0.7746
observer	841	1.4000	0.6928
infant	842	1.4000	0.7483
flown	843	1.4000	0.7483
doc	844	1.4000	0.7211
pilot	845	1.4000	0.7483
minimum	846	1.4000	0.9165
jag	847	1.4000	0.8485
quality	848	1.4000	0.7746
posterior	849	1.4000	0.6928
rubin	850	1.4000	0.8000
polish	851	1.4000	0.7483
dine	852	1.4000	0.7211
grandmother	853	1.4000	0.9165
marcus	854	1.4000	0.9381
diggin	855	1.4000	0.7746
april	856	1.4000	0.7746
concepts	857	1.4000	0.7483
steppin	858	1.4000	0.8246
schneider	859	1.4000	0.8944
sensory	860	1.4000	0.7746
treat	861	1.4000	0.6928
loc	862	1.4000	0.6633
conn	863	1.4000	0.6928
mijn	864	1.4000	0.8246
consciousness	865	1.4000	0.8246
outdoor	866	1.4000	0.8944
sovereign	867	1.4000	0.8718
pieces	868	1.4000	0.7211
traded	869	1.4000	0.8246
phone	870	1.4000	0.8246
occupy	871	1.4000	0.7483
raining	872	1.4000	0.8246
servants	873	1.4000	0.6928
issued	874	1.4000	0.7483
carlos	875	1.3864	0.6417
perfume	876	1.3864	0.6417
anche	877	1.3864	0.7404
williams	878	1.3864	0.9308
soo	879	1.3864	0.8274
har	880	1.3864	0.7090
exhibition	881	1.3864	0.7404
wings	882	1.3864	0.7090
phyllis	883	1.3864	0.7705
turn	884	1.3864	0.6417
weg	885	1.3864	0.6053
practice	886	1.3864	0.6762
gentle	887	1.3830	0.7570
saves	888	1.3830	0.6673
dentro	889	1.3830	0.7283
surprisingly	890	1.3830	0.7570
resulting	891	1.3830	0.8621
commerce	892	1.3830	0.6985
pin	893	1.3830	0.6985
roundup	894	1.3830	0.6985
#letsbehonest	895	1.3830	0.6673
expanded	896	1.3830	0.8621
units	897	1.3830	0.6673
dreams	898	1.3830	0.6673
wright	899	1.3830	0.7846
san	900	1.3830	0.6985
essentially	901	1.3830	0.7283
scales	902	1.3830	0.7570
patricia	903	1.3830	0.7570
stays	904	1.3830	0.8371
quien	905	1.3830	0.7283
therefore	906	1.3830	0.8621
liberation	907	1.3800	0.7454
rarely	908	1.3800	0.6896
business	909	1.3800	0.7718
demonstrated	910	1.3800	0.7718
maybe	911	1.3800	0.7181
limits	912	1.3800	0.6290
asked	913	1.3800	0.6600
skirt	914	1.3800	0.6290
reconstruction	915	1.3800	0.7718
milwaukee	916	1.3800	0.7454
subjective	917	1.3800	0.6896
algo	918	1.3800	0.7181
kijk	919	1.3800	0.8459
possibly	920	1.3800	0.7454
manners	921	1.3800	0.8459
expression	922	1.3800	0.9569
seo	923	1.3800	0.8219
massage	924	1.3800	0.7454
apartment	925	1.3800	0.9141
bit	926	1.3800	0.7454
peggy	927	1.3800	0.8693
jay	928	1.3800	0.8219
jeg	929	1.3800	0.8219
theaters	930	1.3800	0.8920
b-includes	931	1.3800	0.6290
haircut	932	1.3800	0.8219
edinburgh	933	1.3800	0.8920
mente	934	1.3800	0.7454
fits	935	1.3800	0.8459
big	936	1.3800	0.8219
bank	937	1.3800	0.7718
ni	938	1.3800	0.7181
cowboys	939	1.3800	0.8219
vuoi	940	1.3800	0.9141
barney	941	1.3800	0.7718
pronounced	942	1.3800	0.8459
brad	943	1.3800	0.6896
privately	944	1.3800	0.7972
commercial	945	1.3800	0.7181
travel	946	1.3800	0.7181
everywhere	947	1.3800	0.7181
maryland	948	1.3800	0.8920
theatrical	949	1.3800	0.8693
democracy	950	1.3800	0.8693
o'connor	951	1.3800	0.8219
outlets	952	1.3800	0.7972
portion	953	1.3800	0.7718
phat	954	1.3800	0.7718
alaska	955	1.3800	0.7181
sharon	956	1.3800	0.8693
agree	957	1.3800	0.7972
neither	958	1.3800	0.6290
ini	959	1.3800	0.7454
collections	960	1.3800	0.7454
recording	961	1.3800	0.8920
contained	962	1.3800	0.8459
inches	963	1.3636	0.7327
etsy	964	1.3636	0.6328
their	965	1.3636	0.6678
acres	966	1.3636	0.7631
somethin	967	1.3636	0.7010
dass	968	1.3636	0.7010
kevin	969	1.3636	0.7010
solutions	970	1.3636	0.7010
handling	971	1.3617	0.7795
olympic	972	1.3617	0.7795
flat	973	1.3617	0.7229
feeds	974	1.3617	0.7795
grandfather	975	1.3617	0.8064
o'brien	976	1.3617	0.6928
suggestions	977	1.3617	0.6284
yields	978	1.3617	0.6928
bin	979	1.3617	0.7229
sally	980	1.3617	0.8323
puerto	981	1.3617	0.8064
oooooh	982	1.3617	0.5566
partnership	983	1.3617	0.8323
naive	984	1.3617	0.5566
observation	985	1.3617	0.6614
overseas	986	1.3617	0.6614
whole	987	1.3617	0.8575
marvin	988	1.3617	0.6928
taiwan	989	1.3617	0.6614
hollywood	990	1.3617	0.6284
sai	991	1.3600	0.9541
vocals	992	1.3600	0.6560
durch	993	1.3600	0.7144
shapiro	994	1.3600	0.8429
missouri	995	1.3600	0.6248
balls	996	1.3600	0.7684
ufc	997	1.3600	0.6560
implementation	998	1.3600	0.7419
anyway	999	1.3600	0.7684
conversation	1000	1.3600	0.6859
sentences	1001	1.3600	0.8429
kalo	1002	1.3600	0.7684
nee	1003	1.3600	0.7684
tale	1004	1.3600	0.7684
governor's	1005	1.3600	0.7144
brian	1006	1.3600	0.7419
sixty	1007	1.3600	0.7940
didnt	1008	1.3600	0.8429
whilst	1009	1.3600	0.7419
administered	1010	1.3600	0.6248
cheese	1011	1.3600	0.8188
vacation	1012	1.3600	0.6859
heed	1013	1.3600	0.6859
autumn	1014	1.3600	0.7940
wrapped	1015	1.3600	0.9330
c'est	1016	1.3600	0.7684
homie	1017	1.3600	0.7940
versions	1018	1.3600	0.7940
ayer	1019	1.3600	0.7940
pac	1020	1.3600	0.7419
assigned	1021	1.3600	0.6560
truth	1022	1.3600	0.8429
jefferson	1023	1.3600	0.7144
bid	1024	1.3600	0.8663
suitcase	1025	1.3600	0.7940
varying	1026	1.3600	0.7419
lottery	1027	1.3600	0.8188
neighborhood	1028	1.3600	0.7684
columns	1029	1.3600	0.7940
milton	1030	1.3600	0.6859
voices	1031	1.3600	0.7684
geographical	1032	1.3600	0.8188
revenue	1033	1.3600	0.7419
nicht	1034	1.3600	0.8188
lisa	1035	1.3600	0.8429
existing	1036	1.3600	0.7419
diaries	1037	1.3600	0.6560
stiff	1038	1.3600	0.6560
sincere	1039	1.3600	0.7144
springs	1040	1.3600	0.8188
preliminary	1041	1.3600	0.7684
probably	1042	1.3600	0.7144
ranging	1043	1.3600	0.8429
privilege	1044	1.3600	0.9749
sippin	1045	1.3600	0.7419
facilities	1046	1.3600	0.8663
construct	1047	1.3600	0.8188
russian	1048	1.3600	0.8188
3am	1049	1.3600	0.7419
reagan	1050	1.3600	0.7940
driven	1051	1.3600	0.6859
goes	1052	1.3600	0.8663
materials	1053	1.3600	0.7419
rocked	1054	1.3600	0.8429
fulfill	1055	1.3600	0.7144
cole	1056	1.3600	0.7419
description	1057	1.3409	0.5854
palmer	1058	1.3409	0.6230
nena	1059	1.3409	0.6921
ojos	1060	1.3409	0.5854
exclusively	1061	1.3409	0.6585
y'all	1062	1.3409	0.7242
nhl	1063	1.3409	0.7845
sono	1064	1.3409	0.7242
circular	1065	1.3409	0.5854
hoping	1066	1.3404	0.6547
youth	1067	1.3404	0.6547
national	1068	1.3404	0.7168
dee	1069	1.3404	0.7459
adopted	1070	1.3404	0.7459
o	1071	1.3404	0.7739
talking	1072	1.3404	0.6864
ethical	1073	1.3404	0.5486
baked	1074	1.3404	0.7168
moves	1075	1.3404	0.7168
brilliant	1076	1.3404	0.7168
download	1077	1.3404	0.6214
india	1078	1.3404	0.6547
finna	1079	1.3404	0.6214
borne	1080	1.3404	0.6547
#tcot	1081	1.3404	0.8270
booty	1082	1.3404	0.6864
theatre	1083	1.3404	0.5861
ding	1084	1.3404	0.7168
fur	1085	1.3404	0.6864
desired	1086	1.3404	0.6864
tested	1087	1.3400	0.7378
memoir	1088	1.3400	0.7102
helen	1089	1.3400	0.6515
lots	1090	1.3400	0.7645
rain	1091	1.3400	0.7378
explains	1092	1.3400	0.6815
=d	1093	1.3400	0.7378
atmosphere	1094	1.3400	0.7378
popular	1095	1.3400	0.7378
yah	1096	1.3400	0.8857
delaware	1097	1.3400	0.6815
grandsons	1098	1.3400	0.8151
aid	1099	1.3400	0.7102
party's	1100	1.3400	0.8393
district	1101	1.3400	0.7378
schon	1102	1.3400	0.6200
gal	1103	1.3400	0.7378
may	1104	1.3400	0.8151
circulation	1105	1.3400	0.6200
bruce	1106	1.3400	0.7902
holdin	1107	1.3400	0.6515
seldom	1108	1.3400	0.8628
cookies	1109	1.3400	0.8151
jonathan	1110	1.3400	0.7645
valued	1111	1.3400	0.7645
wins	1112	1.3400	0.7645
painting	1113	1.3400	0.8393
nope	1114	1.3400	0.6200
beings	1115	1.3400	0.7378
capacity	1116	1.3400	0.8628
classes	1117	1.3400	0.8151
we'd	1118	1.3400	0.7645
pulling	1119	1.3400	0.7102
sean	1120	1.3400	0.8628
mellow	1121	1.3400	0.6200
tijd	1122	1.3400	0.8151
cincinnati	1123	1.3400	0.8393
amen	1124	1.3400	0.7645
united	1125	1.3400	0.7378
global	1126	1.3400	0.8628
gary	1127	1.3400	0.7378
resolved	1128	1.3400	0.6515
yeah	1129	1.3400	0.8628
une	1130	1.3400	0.7902
tot	1131	1.3400	0.7902
mike	1132	1.3400	0.7645
reminded	1133	1.3400	0.6515
approaching	1134	1.3400	0.7378
pronto	1135	1.3400	0.5869
checked	1136	1.3400	0.8151
faster	1137	1.3400	0.7102
nun	1138	1.3400	0.7102
papa	1139	1.3400	0.8628
chap	1140	1.3400	0.7378
wide	1141	1.3400	0.7645
anata	1142	1.3400	0.8393
57th	1143	1.3400	0.8857
newest	1144	1.3400	0.7902
ff	1145	1.3400	0.6515
amber	1146	1.3400	0.8393
track	1147	1.3400	0.6815
attention	1148	1.3400	0.7102
manuscript	1149	1.3400	0.7645
tract	1150	1.3400	0.6515
chancellor	1151	1.3400	0.6815
bricks	1152	1.3400	0.7902
memories	1153	1.3400	0.7645
talkin	1154	1.3400	0.7645
gradually	1155	1.3400	0.8628
wagner	1156	1.3400	0.7102
per	1157	1.3400	0.6815
amsterdam	1158	1.3200	0.5810
weighted	1159	1.3200	0.7332
affection	1160	1.3200	0.7332
afford	1161	1.3200	0.6765
rd	1162	1.3200	0.6145
ancient	1163	1.3200	0.6462
anglo	1164	1.3200	0.7859
hearing	1165	1.3200	0.8588
by	1166	1.3200	0.8588
knees	1167	1.3200	0.7600
referred	1168	1.3200	0.5810
rogers	1169	1.3200	0.7054
rises	1170	1.3200	0.8352
continuous	1171	1.3200	0.6765
sane	1172	1.3200	0.7600
holidays	1173	1.3200	0.7600
frances	1174	1.3200	0.8352
twin	1175	1.3200	0.7600
positions	1176	1.3200	0.6462
potatoes	1177	1.3200	0.7332
finished	1178	1.3200	0.8109
civilization	1179	1.3200	0.7859
brick	1180	1.3200	0.7054
fave	1181	1.3200	0.6765
spray	1182	1.3200	0.7054
serbs	1183	1.3200	0.6145
crop	1184	1.3200	0.7054
praying	1185	1.3200	0.6765
profile	1186	1.3200	0.8352
it'll	1187	1.3200	0.7600
fazer	1188	1.3200	0.6145
will	1189	1.3200	0.6765
dynamic	1190	1.3200	0.6765
hallelujah	1191	1.3200	0.8352
composed	1192	1.3200	0.7600
vivo	1193	1.3200	0.7600
woot	1194	1.3200	0.5810
yellow	1195	1.3200	0.9042
premiere	1196	1.3200	0.6765
soul	1197	1.3200	0.6462
tall	1198	1.3200	0.9474
varieties	1199	1.3200	0.7054
molecules	1200	1.3200	0.6145
record	1201	1.3200	0.5810
mexican	1202	1.3200	0.6765
therapeutic	1203	1.3200	0.6462
def	1204	1.3200	0.7332
supplied	1205	1.3200	0.6765
producers	1206	1.3200	0.7859
sodium	1207	1.3200	0.7054
machinery	1208	1.3200	0.7600
northeast	1209	1.3200	0.7332
traders	1210	1.3200	0.6765
boundaries	1211	1.3200	0.7054
preserved	1212	1.3200	0.7054
dna	1213	1.3200	0.6462
anyhow	1214	1.3200	0.7600
amazon	1215	1.3200	0.7054
contigo	1216	1.3200	0.5810
cent	1217	1.3200	0.7054
casa	1218	1.3200	0.7332
covering	1219	1.3200	0.7859
lagi	1220	1.3200	0.6145
sip	1221	1.3200	0.6462
clause	1222	1.3200	0.7332
kaufman	1223	1.3200	0.7332
laughter	1224	1.3200	0.7600
o'neill	1225	1.3200	0.7600
mix	1226	1.3200	0.7600
breast	1227	1.3200	0.7859
substantial	1228	1.3200	0.7600
latin	1229	1.3200	0.7332
earnings	1230	1.3200	0.8109
seh	1231	1.3191	0.8715
2morrow	1232	1.3191	0.7100
far	1233	1.3191	0.6136
preface	1234	1.3191	0.5778
entry	1235	1.3191	0.6794
online	1236	1.3191	0.7100
increasingly	1237	1.3191	0.8212
arizona	1238	1.3191	0.4988
civic	1239	1.3191	0.6136
lang	1240	1.3191	0.5398
nov	1241	1.3191	0.6473
retweet	1242	1.3191	0.7100
although	1243	1.3191	0.4988
dre	1244	1.3191	0.5778
pena	1245	1.3191	0.6794
males	1246	1.3191	0.7676
ole	1247	1.3191	0.6473
legacy	1248	1.3191	0.6473
extend	1249	1.3191	0.8715
pose	1250	1.3191	0.7394
signals	1251	1.3191	0.6794
momento	1252	1.3191	0.7100
shopping	1253	1.3191	0.7100
immediate	1254	1.3191	0.5778
flippin	1255	1.3191	0.6136
hah	1256	1.3191	0.6473
does	1257	1.3182	0.5740
earlier	1258	1.3182	0.5740
pleasant	1259	1.3182	0.6123
ellis	1260	1.3182	0.6123
rear	1261	1.3182	0.4884
packing	1262	1.3182	0.5740
defined	1263	1.3000	0.4583
secretary	1264	1.3000	0.7280
aan	1265	1.3000	0.8544
ain't	1266	1.3000	0.5385
dad	1267	1.3000	0.5745
skill	1268	1.3000	0.9220
preparations	1269	1.3000	0.7810
strong	1270	1.3000	0.7550
foot	1271	1.3000	0.6403
purchased	1272	1.3000	0.6083
daddy	1273	1.3000	0.6403
frank	1274	1.3000	0.6403
originally	1275	1.3000	0.6083
pets	1276	1.3000	0.7550
hut	1277	1.3000	0.7280
1960s	1278	1.3000	0.8307
zijn	1279	1.3000	0.6403
excess	1280	1.3000	0.7000
treasure	1281	1.3000	0.7000
lu	1282	1.3000	0.5745
questa	1283	1.3000	0.6708
notion	1284	1.3000	0.8062
himself	1285	1.3000	0.6708
atleast	1286	1.3000	0.7000
gucci	1287	1.3000	0.9644
feelings	1288	1.3000	0.5745
tokyo	1289	1.3000	0.8544
flipmode	1290	1.3000	0.7550
daughter-in-law	1291	1.3000	0.8062
soil	1292	1.3000	0.7550
dems	1293	1.3000	0.7280
signal	1294	1.3000	0.7280
makers	1295	1.3000	0.7550
voz	1296	1.3000	0.8062
dang	1297	1.3000	0.6083
dana	1298	1.3000	0.6083
collar	1299	1.3000	0.7810
succession	1300	1.3000	0.7000
fame	1301	1.3000	0.6083
bbq	1302	1.3000	0.7810
ballin	1303	1.3000	0.6403
membership	1304	1.3000	0.6708
evening	1305	1.3000	0.6708
bobby	1306	1.3000	0.8062
priority	1307	1.3000	0.8062
begins	1308	1.3000	0.7000
candy	1309	1.3000	0.7810
pero	1310	1.3000	0.6083
mmm	1311	1.3000	0.7280
stuff	1312	1.3000	0.6708
viva	1313	1.3000	0.8307
graphics	1314	1.3000	0.7000
menos	1315	1.3000	0.7550
josh	1316	1.3000	0.8307
halfway	1317	1.3000	0.7000
sheep	1318	1.3000	0.5745
ac	1319	1.3000	0.8775
4-bedroom	1320	1.3000	0.8775
bernstein	1321	1.3000	0.7550
xm	1322	1.3000	0.5745
cuz	1323	1.3000	0.8062
n	1324	1.3000	0.7280
coeur	1325	1.3000	0.6403
needs	1326	1.3000	0.7550
such	1327	1.3000	0.8062
cutie	1328	1.3000	0.6403
circles	1329	1.3000	0.7000
spaces	1330	1.3000	0.7550
land	1331	1.3000	0.7280
veterans	1332	1.3000	0.6403
iya	1333	1.2979	0.7322
verb	1334	1.2979	0.7322
cake	1335	1.2979	0.7322
umbrella	1336	1.2979	0.6391
cord	1337	1.2979	0.6049
cover	1338	1.2979	0.6391
costumes	1339	1.2979	0.6049
reverse	1340	1.2979	0.5687
average	1341	1.2979	0.7882
latest	1342	1.2979	0.6391
placing	1343	1.2979	0.6716
poems	1344	1.2979	0.7882
passages	1345	1.2979	0.7322
however	1346	1.2979	0.6049
shoe	1347	1.2979	0.6716
sein	1348	1.2979	0.6716
raton	1349	1.2955	0.4230
hartford	1350	1.2955	0.5194
kay	1351	1.2955	0.4737
luna	1352	1.2955	0.5615
aspects	1353	1.2800	0.7222
ph	1354	1.2800	0.6645
whereas	1355	1.2800	0.6337
bass	1356	1.2800	0.6645
dan	1357	1.2800	0.7494
baila	1358	1.2800	0.7494
covered	1359	1.2800	0.6337
investor	1360	1.2800	0.6013
lls	1361	1.2800	0.6940
aesthetic	1362	1.2800	0.7494
visits	1363	1.2800	0.5671
millionaire	1364	1.2800	0.8010
link	1365	1.2800	0.5671
assuming	1366	1.2800	0.7494
sera	1367	1.2800	0.6940
north	1368	1.2800	0.8010
require	1369	1.2800	0.6337
clue	1370	1.2800	0.6013
options	1371	1.2800	0.6337
am	1372	1.2800	0.7756
across	1373	1.2800	0.6645
hardly	1374	1.2800	0.8010
doesn't	1375	1.2800	0.6645
athletes	1376	1.2800	0.6940
jesse	1377	1.2800	0.6337
picks	1378	1.2800	0.6013
billy	1379	1.2800	0.5671
passage	1380	1.2800	0.5307
jews	1381	1.2800	0.6645
photograph	1382	1.2800	0.6645
arrival	1383	1.2800	0.6013
pointed	1384	1.2800	0.7222
somehow	1385	1.2800	0.6940
state	1386	1.2800	0.6013
lip	1387	1.2800	0.8010
considerably	1388	1.2800	0.6337
occurs	1389	1.2800	0.6013
nog	1390	1.2800	0.6013
internal	1391	1.2800	0.7222
campaigns	1392	1.2800	0.8010
sympathetic	1393	1.2800	0.5671
protein	1394	1.2800	0.6940
fishing	1395	1.2800	0.6645
atlantic	1396	1.2800	0.6940
tuo	1397	1.2800	0.6013
scholarship	1398	1.2800	0.6940
still	1399	1.2800	0.6940
powder	1400	1.2800	0.6013
ira	1401	1.2800	0.7222
mile	1402	1.2800	0.7222
drew	1403	1.2800	0.6940
demi	1404	1.2800	0.6645
story	1405	1.2800	0.7222
valid	1406	1.2800	0.6013
looked	1407	1.2800	0.6645
hw	1408	1.2800	0.7494
ron	1409	1.2800	0.6645
remainder	1410	1.2800	0.6645
forms	1411	1.2800	0.7222
wheel	1412	1.2800	0.6013
portrait	1413	1.2800	0.6337
update	1414	1.2800	0.7222
rocky	1415	1.2800	0.7222
w/	1416	1.2800	0.6337
leon	1417	1.2800	0.7222
opens	1418	1.2800	0.7222
decent	1419	1.2800	0.6940
'em	1420	1.2800	0.7222
daughter	1421	1.2800	0.8495
conventional	1422	1.2800	0.6940
ya	1423	1.2800	0.5671
rt	1424	1.2800	0.7494
nations	1425	1.2800	0.6645
parts	1426	1.2800	0.6940
pro	1427	1.2800	0.6645
tower	1428	1.2800	0.6013
tus	1429	1.2800	0.5671
hat	1430	1.2800	0.7494
artists	1431	1.2800	0.6645
cornell	1432	1.2800	0.6337
bei	1433	1.2800	0.6940
rhyme	1434	1.2800	0.6337
proved	1435	1.2800	0.6013
gud	1436	1.2800	0.6337
came	1437	1.2800	0.6337
backyard	1438	1.2800	0.7222
ideal	1439	1.2800	0.7756
gran	1440	1.2800	0.6013
carter	1441	1.2800	0.6940
atl	1442	1.2766	0.7532
turned	1443	1.2766	0.5191
barometer	1444	1.2766	0.6944
kind	1445	1.2766	0.4763
brown	1446	1.2766	0.6302
somebody	1447	1.2766	0.5586
tweetdeck	1448	1.2766	0.5954
espn	1449	1.2766	0.7809
mm	1450	1.2766	0.5954
moms	1451	1.2766	0.6302
engineers	1452	1.2766	0.6631
boca	1453	1.2766	0.5586
carried	1454	1.2766	0.7244
ihr	1455	1.2766	0.6302
shes	1456	1.2766	0.5586
han	1457	1.2766	0.5954
alison	1458	1.2766	0.5954
garcia	1459	1.2766	0.6631
gulf	1460	1.2766	0.4763
hip	1461	1.2766	0.6944
respectively	1462	1.2766	0.5954
registered	1463	1.2766	0.6944
understands	1464	1.2727	0.4574
facts	1465	1.2727	0.4574
af	1466	1.2727	0.5047
puedo	1467	1.2600	0.5219
arthur	1468	1.2600	0.5589
reaching	1469	1.2600	0.7158
generated	1470	1.2600	0.6264
regards	1471	1.2600	0.6576
wayne	1472	1.2600	0.7432
instant	1473	1.2600	0.5219
tierra	1474	1.2600	0.6873
state's	1475	1.2600	0.6576
collected	1476	1.2600	0.5589
owns	1477	1.2600	0.7432
path	1478	1.2600	0.6576
km/h	1479	1.2600	0.7432
thinkin	1480	1.2600	0.8440
pull	1481	1.2600	0.5936
wah	1482	1.2600	0.6576
fav	1483	1.2600	0.5589
aimed	1484	1.2600	0.5936
sponsored	1485	1.2600	0.5219
style	1486	1.2600	0.7158
buyer	1487	1.2600	0.6264
interior	1488	1.2600	0.5936
understood	1489	1.2600	0.5936
vida	1490	1.2600	0.6873
moscow	1491	1.2600	0.6576
ace	1492	1.2600	0.7158
definite	1493	1.2600	0.6576
sarah	1494	1.2600	0.6264
gordon	1495	1.2600	0.6576
essential	1496	1.2600	0.6576
cm	1497	1.2600	0.6576
equality	1498	1.2600	0.6576
plains	1499	1.2600	0.5936
recuerdo	1500	1.2600	0.7158
pr	1501	1.2600	0.5589
deeds	1502	1.2600	0.6576
i'll	1503	1.2600	0.6576
applications	1504	1.2600	0.6873
shape	1505	1.2600	0.7697
arnold	1506	1.2600	0.7952
corn	1507	1.2600	0.6576
sho	1508	1.2600	0.5936
symbol	1509	1.2600	0.7697
he	1510	1.2600	0.6264
roses	1511	1.2600	0.7697
albums	1512	1.2600	0.6264
anniversary	1513	1.2600	0.6576
calif	1514	1.2600	0.7158
sherman	1515	1.2600	0.5936
wouldn	1516	1.2600	0.5936
#quote	1517	1.2600	0.6264
arrived	1518	1.2600	0.6873
dot	1519	1.2600	0.6576
captain	1520	1.2600	0.5936
members	1521	1.2600	0.5936
click	1522	1.2600	0.5936
wonders	1523	1.2600	0.5589
fact	1524	1.2600	0.6264
agreed	1525	1.2600	0.6264
wii	1526	1.2600	0.6264
allow	1527	1.2600	0.7158
sent	1528	1.2600	0.6264
central	1529	1.2600	0.5936
kt	1530	1.2600	0.7432
listenin	1531	1.2600	0.7432
hai	1532	1.2600	0.6873
halo	1533	1.2600	0.6264
salad	1534	1.2600	0.6873
sculpture	1535	1.2600	0.5936
poetry	1536	1.2600	0.5936
thousands	1537	1.2600	0.5589
new	1538	1.2600	0.7158
blogger	1539	1.2600	0.6576
feeding	1540	1.2600	0.6873
gf	1541	1.2600	0.7952
secure	1542	1.2600	0.6264
worth	1543	1.2600	0.5589
fitted	1544	1.2600	0.6264
riches	1545	1.2600	0.6264
perception	1546	1.2553	0.5851
would	1547	1.2553	0.5071
fr	1548	1.2553	0.6204
learning	1549	1.2553	0.6538
arts	1550	1.2553	0.6855
forex	1551	1.2553	0.5071
bishops	1552	1.2553	0.5071
b/c	1553	1.2553	0.5851
cattle	1554	1.2553	0.4633
someday	1555	1.2553	0.5475
word	1556	1.2553	0.7731
knight	1557	1.2553	0.5071
samples	1558	1.2553	0.4633
pamela	1559	1.2553	0.5475
us	1560	1.2553	0.6855
position	1561	1.2553	0.6855
isnt	1562	1.2553	0.5475
arlington	1563	1.2553	0.5071
tone	1564	1.2553	0.5851
square	1565	1.2553	0.7159
niece	1566	1.2500	0.4885
thursdays	1567	1.2500	0.4885
sections	1568	1.2500	0.4395
necessarily	1569	1.2400	0.6499
people's	1570	1.2400	0.5851
thursday	1571	1.2400	0.6499
walking	1572	1.2400	0.7088
happy	1573	1.2400	0.8381
herman	1574	1.2400	0.7088
coupon	1575	1.2400	0.6499
junior	1576	1.2400	0.5499
pants	1577	1.2400	0.5499
b-day	1578	1.2400	0.6499
entre	1579	1.2400	0.6800
ap	1580	1.2400	0.5851
we'll	1581	1.2400	0.8139
follows	1582	1.2400	0.6499
om	1583	1.2400	0.5499
stanley	1584	1.2400	0.6499
unit	1585	1.2400	0.7088
developers	1586	1.2400	0.5122
butter	1587	1.2400	0.6499
newspaper	1588	1.2400	0.6800
communities	1589	1.2400	0.6800
sold	1590	1.2400	0.5851
father	1591	1.2400	0.4716
dry	1592	1.2400	0.5851
evan	1593	1.2400	0.6184
ounce	1594	1.2400	0.6800
adam	1595	1.2400	0.5499
giving	1596	1.2400	0.6184
england	1597	1.2400	0.5499
usually	1598	1.2400	0.6184
hahah	1599	1.2400	0.6800
johnson	1600	1.2400	0.6800
esto	1601	1.2400	0.5499
greenwich	1602	1.2400	0.6800
smart	1603	1.2400	0.6184
tasty	1604	1.2400	0.8381
except	1605	1.2400	0.7889
measures	1606	1.2400	0.6499
cinema	1607	1.2400	0.5122
drawers	1608	1.2400	0.6499
pa	1609	1.2400	0.5851
years	1610	1.2400	0.6184
his	1611	1.2400	0.5851
gtgt	1612	1.2400	0.6184
activities	1613	1.2400	0.5851
broader	1614	1.2400	0.6499
vas	1615	1.2400	0.6800
speakers	1616	1.2400	0.5851
hes	1617	1.2400	0.7365
ways	1618	1.2400	0.6800
paul	1619	1.2400	0.7088
gates	1620	1.2400	0.6499
florence	1621	1.2400	0.5499
tag	1622	1.2400	0.5851
promotion	1623	1.2400	0.5851
sidney	1624	1.2400	0.6499
babes	1625	1.2400	0.5499
planned	1626	1.2400	0.5851
league	1627	1.2400	0.7088
broad	1628	1.2400	0.5851
bell	1629	1.2400	0.7365
flavor	1630	1.2400	0.6184
jus	1631	1.2400	0.5851
youu	1632	1.2400	0.7365
legend	1633	1.2340	0.4940
sox	1634	1.2340	0.5737
great-grandchildren	1635	1.2340	0.6436
bro	1636	1.2340	0.4940
let's	1637	1.2340	0.6097
ne	1638	1.2340	0.5737
towards	1639	1.2340	0.5354
atm	1640	1.2340	0.6097
farther	1641	1.2340	0.4489
featured	1642	1.2340	0.6097
feliz	1643	1.2340	0.4940
proceed	1644	1.2340	0.6097
gracias	1645	1.2340	0.4940
friendship	1646	1.2340	0.5354
star	1647	1.2340	0.4489
abc	1648	1.2273	0.3616
leven	1649	1.2273	0.4708
sp	1650	1.2273	0.3616
newsstands	1651	1.2200	0.6720
bubble	1652	1.2200	0.5758
lead	1653	1.2200	0.6416
science	1654	1.2200	0.5016
it	1655	1.2200	0.5758
areas	1656	1.2200	0.5758
hs	1657	1.2200	0.6720
albert	1658	1.2200	0.6416
countries	1659	1.2200	0.5758
flag	1660	1.2200	0.5758
cool	1661	1.2200	0.6096
all	1662	1.2200	0.5758
pardon	1663	1.2200	0.6096
tyler	1664	1.2200	0.6720
mins	1665	1.2200	0.6096
inch	1666	1.2200	0.5758
uma	1667	1.2200	0.5758
neutral	1668	1.2200	0.5400
could	1669	1.2200	0.7291
aint	1670	1.2200	0.5400
premier	1671	1.2200	0.5758
merchants	1672	1.2200	0.4600
celebrate	1673	1.2200	0.5758
ive	1674	1.2200	0.6416
amongst	1675	1.2200	0.6720
dj	1676	1.2200	0.5758
suite	1677	1.2200	0.5758
diamonds	1678	1.2200	0.4600
sets	1679	1.2200	0.7560
wholly	1680	1.2200	0.4600
survey	1681	1.2200	0.5400
islanders	1682	1.2200	0.5400
oooo	1683	1.2200	0.5400
gots	1684	1.2200	0.7011
smith	1685	1.2200	0.5400
1st	1686	1.2200	0.6096
exclusive	1687	1.2200	0.5016
villages	1688	1.2200	0.5400
jajaja	1689	1.2200	0.7560
eastside	1690	1.2200	0.4600
sum1	1691	1.2200	0.6720
references	1692	1.2200	0.5016
havent	1693	1.2200	0.4600
jar	1694	1.2200	0.6096
dozens	1695	1.2200	0.5400
van	1696	1.2200	0.6416
heritage	1697	1.2200	0.6096
l	1698	1.2200	0.6416
ties	1699	1.2200	0.5400
scott	1700	1.2200	0.6416
manner	1701	1.2200	0.6096
hindu	1702	1.2200	0.7560
rewind	1703	1.2200	0.7560
led	1704	1.2200	0.5016
soap	1705	1.2200	0.5016
lay	1706	1.2200	0.5016
row	1707	1.2200	0.6720
p	1708	1.2200	0.7560
dozen	1709	1.2200	0.7011
supermarkets	1710	1.2200	0.7011
telling	1711	1.2200	0.6096
how's	1712	1.2128	0.5614
annie	1713	1.2128	0.4797
nearest	1714	1.2128	0.6655
sec	1715	1.2128	0.5981
combinations	1716	1.2128	0.4797
antonio	1717	1.2128	0.4797
accounts	1718	1.2128	0.4330
ie	1719	1.2128	0.4797
brb	1720	1.2128	0.5981
christmas	1721	1.2128	0.5221
gloria	1722	1.2128	0.5981
mc	1723	1.2128	0.4797
showing	1724	1.2128	0.4797
princes	1725	1.2128	0.5981
android	1726	1.2128	0.4797
hm	1727	1.2128	0.5614
civilians	1728	1.2128	0.5221
@donniewahlberg	1729	1.2128	0.6655
joined	1730	1.2128	0.4330
sufficiently	1731	1.2128	0.5221
friend	1732	1.2045	0.4513
asi	1733	1.2045	0.3358
theater	1734	1.2045	0.3978
wireless	1735	1.2045	0.4992
co-op	1736	1.2045	0.3978
spoken	1737	1.2000	0.6325
roam	1738	1.2000	0.4899
elaborate	1739	1.2000	0.4899
fair	1740	1.2000	0.5657
ml	1741	1.2000	0.6000
curtains	1742	1.2000	0.6000
fam	1743	1.2000	0.5657
trend	1744	1.2000	0.4899
cultural	1745	1.2000	0.6325
jokes	1746	1.2000	0.6000
bloom	1747	1.2000	0.6000
branch	1748	1.2000	0.6000
organizational	1749	1.2000	0.5657
felt	1750	1.2000	0.5292
states	1751	1.2000	0.5657
mister	1752	1.2000	0.6325
drink	1753	1.2000	0.5657
frequency	1754	1.2000	0.5292
cupcake	1755	1.2000	0.6000
appointed	1756	1.2000	0.6000
scent	1757	1.2000	0.5657
book	1758	1.2000	0.6000
harris	1759	1.2000	0.6325
agricultural	1760	1.2000	0.6928
think	1761	1.2000	0.5292
lights	1762	1.2000	0.5292
lateral	1763	1.2000	0.5292
america's	1764	1.2000	0.6633
silk	1765	1.2000	0.5292
lmfao	1766	1.2000	0.4899
oliver	1767	1.2000	0.5292
award	1768	1.2000	0.4899
any	1769	1.2000	0.6633
'i	1770	1.2000	0.4899
resort	1771	1.2000	0.6325
donna	1772	1.2000	0.4899
greatly	1773	1.2000	0.5292
informal	1774	1.2000	0.6633
stacks	1775	1.2000	0.4899
certainty	1776	1.2000	0.5657
protected	1777	1.2000	0.4899
pick	1778	1.2000	0.4899
holy	1779	1.2000	0.5657
satisfactory	1780	1.2000	0.5657
@theellenshow	1781	1.2000	0.6000
pum	1782	1.2000	0.5292
specialized	1783	1.1915	0.4155
niente	1784	1.1915	0.4639
it'd	1785	1.1915	0.4155
starry	1786	1.1915	0.4155
ebook	1787	1.1915	0.6542
let	1788	1.1915	0.4155
balanced	1789	1.1915	0.6208
shop	1790	1.1915	0.5480
device	1791	1.1915	0.5077
antiques	1792	1.1915	0.4639
laura	1793	1.1915	0.5077
zal	1794	1.1915	0.4155
landscape	1795	1.1915	0.4639
editions	1796	1.1915	0.5480
sih	1797	1.1915	0.4639
respect	1798	1.1915	0.4155
ours	1799	1.1915	0.4639
du	1800	1.1915	0.4639
certain	1801	1.1915	0.4639
involving	1802	1.1915	0.4155
always	1803	1.1915	0.5077
whether	1804	1.1915	0.4639
requested	1805	1.1818	0.3065
models	1806	1.1800	0.5173
bff	1807	1.1800	0.5173
connected	1808	1.1800	0.5173
fa	1809	1.1800	0.4771
gets	1810	1.1800	0.5546
foundation	1811	1.1800	0.5173
earning	1812	1.1800	0.5546
wasn	1813	1.1800	0.5546
eye	1814	1.1800	0.5173
1960's	1815	1.1800	0.7400
pls	1816	1.1800	0.4771
inspired	1817	1.1800	0.6539
widely	1818	1.1800	0.5546
june	1819	1.1800	0.6226
green	1820	1.1800	0.4771
luckily	1821	1.1800	0.5546
car	1822	1.1800	0.5896
id	1823	1.1800	0.5896
bc	1824	1.1800	0.4771
doorway	1825	1.1800	0.5173
quick	1826	1.1800	0.5173
successful	1827	1.1800	0.5546
stamford	1828	1.1800	0.4771
film	1829	1.1800	0.5546
dell	1830	1.1800	0.5173
glory	1831	1.1800	0.5173
themselves	1832	1.1800	0.5896
surface	1833	1.1800	0.5546
directly	1834	1.1800	0.5546
remind	1835	1.1800	0.6539
circle	1836	1.1800	0.5896
ink	1837	1.1800	0.5173
well	1838	1.1800	0.5173
singer	1839	1.1800	0.5546
related	1840	1.1800	0.5173
vii	1841	1.1800	0.5896
km	1842	1.1800	0.4331
splendid	1843	1.1800	0.5173
lime	1844	1.1800	0.4771
wk	1845	1.1800	0.5896
december	1846	1.1800	0.4771
comp	1847	1.1800	0.4771
density	1848	1.1800	0.4771
combo	1849	1.1800	0.5173
9pm	1850	1.1800	0.5546
koch	1851	1.1800	0.4771
hamilton	1852	1.1800	0.6539
thoughts	1853	1.1800	0.4331
dressed	1854	1.1800	0.4771
a1	1855	1.1800	0.5173
number	1856	1.1800	0.6539
beans	1857	1.1800	0.5173
piano	1858	1.1800	0.4771
mineral	1859	1.1800	0.6539
clerk	1860	1.1702	0.3962
chapels	1861	1.1702	0.4467
like	1862	1.1702	0.3962
accordingly	1863	1.1702	0.4467
left	1864	1.1702	0.3382
vessel	1865	1.1702	0.4467
letting	1866	1.1702	0.3962
product	1867	1.1702	0.3962
tha	1868	1.1702	0.4467
bags	1869	1.1702	0.3382
she	1870	1.1702	0.4467
prince	1871	1.1702	0.3962
of	1872	1.1702	0.6081
filled	1873	1.1702	0.3962
bedroom	1874	1.1702	0.4920
waan	1875	1.1702	0.4920
european	1876	1.1600	0.4630
saying	1877	1.1600	0.6741
tasting	1878	1.1600	0.5044
fresh	1879	1.1600	0.4630
icon	1880	1.1600	0.4630
dude	1881	1.1600	0.5426
amp	1882	1.1600	0.5044
charter	1883	1.1600	0.5426
sitting	1884	1.1600	0.5783
relaxing	1885	1.1600	0.4630
characterized	1886	1.1600	0.5426
button	1887	1.1600	0.5426
globe	1888	1.1600	0.4176
connect	1889	1.1600	0.5783
a	1890	1.1600	0.5426
sending	1891	1.1600	0.4176
franklin	1892	1.1600	0.5044
19th	1893	1.1600	0.5044
gives	1894	1.1600	0.5783
vancouver	1895	1.1600	0.5044
guitars	1896	1.1600	0.4630
keepin	1897	1.1600	0.4630
region	1898	1.1600	0.5044
gen	1899	1.1600	0.4630
perfectly	1900	1.1600	0.5426
ah	1901	1.1600	0.5044
sylvia	1902	1.1600	0.6437
relax	1903	1.1600	0.4176
guiding	1904	1.1600	0.3666
ball	1905	1.1591	0.2722
clearer	1906	1.1591	0.3458
civil	1907	1.1489	0.3128
lah	1908	1.1489	0.3747
stevie	1909	1.1489	0.5943
ds	1910	1.1489	0.4277
uu	1911	1.1489	0.4277
blessings	1912	1.1400	0.5295
u	1913	1.1400	0.4903
we're	1914	1.1400	0.4005
fruit	1915	1.1400	0.4005
angeles	1916	1.1400	0.3470
hero	1917	1.1400	0.4477
cafe	1918	1.1400	0.4903
listening	1919	1.1400	0.4005
mobile	1920	1.1400	0.4477
designated	1921	1.1400	0.6003
play	1922	1.1400	0.6003
's	1923	1.1400	0.4477
briefly	1924	1.1400	0.4903
jenny	1925	1.1400	0.4477
qualities	1926	1.1400	0.4903
tomorrow's	1927	1.1400	0.5295
famous	1928	1.1400	0.4005
value	1929	1.1400	0.4477
because	1930	1.1400	0.4005
same	1931	1.1400	0.4005
handsome	1932	1.1400	0.5295
hrs	1933	1.1400	0.4005
gate	1934	1.1400	0.4477
equally	1935	1.1400	0.4477
turns	1936	1.1400	0.4477
toy	1937	1.1400	0.5295
presence	1938	1.1400	0.4005
hawaii	1939	1.1400	0.6328
exact	1940	1.1400	0.4477
dining	1941	1.1400	0.6003
lists	1942	1.1400	0.4903
light	1943	1.1277	0.3506
thankful	1944	1.1277	0.3506
obtained	1945	1.1200	0.3816
correct	1946	1.1200	0.3816
appreciation	1947	1.1200	0.3816
ty	1948	1.1200	0.4750
tends	1949	1.1200	0.3816
essence	1950	1.1200	0.4308
mechanical	1951	1.1200	0.4308
intelligence	1952	1.1200	0.5154
proteins	1953	1.1200	0.3816
ikea	1954	1.1200	0.4308
irish	1955	1.1200	0.3816
sofa	1956	1.1200	0.3816
bright	1957	1.1200	0.3816
walkin	1958	1.1200	0.5879
av	1959	1.1200	0.3250
orange	1960	1.1200	0.3816
theodore	1961	1.1200	0.3816
fully	1962	1.1200	0.4750
screenplay	1963	1.1200	0.3816
ones	1964	1.1200	0.4308
hello	1965	1.1064	0.3234
joy	1966	1.1064	0.2491
doors	1967	1.1064	0.2491
given	1968	1.1064	0.2491
idea	1969	1.1000	0.4583
want	1970	1.1000	0.5000
colour	1971	1.1000	0.4583
individual	1972	1.1000	0.4583
eight	1973	1.1000	0.3606
zone	1974	1.1000	0.3606
common	1975	1.1000	0.3000
tea	1976	1.1000	0.3000
supported	1977	1.1000	0.3606
forward	1978	1.1000	0.4123
care	1979	1.1000	0.3000
10th	1980	1.1000	0.3606
stars	1981	1.1000	0.4123
lg	1982	1.0851	0.2070
ears	1983	1.0851	0.2070
levels	1984	1.0851	0.2070
band	1985	1.0800	0.2713
leaf	1986	1.0800	0.4400
ok	1987	1.0800	0.2713
properties	1988	1.0800	0.2713
shoes	1989	1.0800	0.4400
right	1990	1.0800	0.3370
devotion	1991	1.0800	0.2713
banana	1992	1.0800	0.3370
wonderful	1993	1.0600	0.3105
john's	1994	1.0600	0.3105
topic	1995	1.0600	0.2375
active	1996	1.0600	0.2375
cute	1997	1.0600	0.2375
dear	1998	1.0600	0.3105
bath	1999	1.0200	0.1400
