joy	0	4.5102	0.9715
happy	1	4.4490	1.0510
hahah	2	4.3061	0.9939
laughter	3	4.2400	1.1412
friendship	4	4.1600	1.0072
successful	5	4.0625	1.0686
christmas	6	4.0400	1.2643
chocolate	7	4.0204	1.1516
holidays	8	4.0204	1.2534
promotion	9	4.0204	1.2696
kissing	10	3.9600	1.1655
jewels	11	3.9592	1.1421
riches	12	3.9592	1.1421
blessings	13	3.9200	1.2139
cinema	14	3.8980	0.8143
celebrate	15	3.8776	1.3036
wins	16	3.8776	1.2878
cute	17	3.8400	1.0837
friend	18	3.8000	1.2329
vacation	19	3.7800	1.3898
kissed	20	3.7800	1.2695
millionaire	21	3.7200	1.4428
wonderful	22	3.7200	1.4566
tasty	23	3.7200	1.0778
roses	24	3.7000	1.1000
affection	25	3.6939	1.3125
cookie	26	3.6939	1.2810
brilliant	27	3.6800	1.3333
fantasy	28	3.6735	1.0952
embrace	29	3.6735	1.1319
flavor	30	3.6735	1.0573
handsome	31	3.6600	1.1766
cookies	32	3.6400	1.3381
thankful	33	3.6400	1.3676
relax	34	3.6400	1.2924
treasure	35	3.6327	1.3805
b-day	36	3.6200	1.4127
jokes	37	3.6122	1.4116
grateful	38	3.6122	1.2587
relaxing	39	3.6122	1.3970
quality	40	3.6122	1.0265
pleasant	41	3.6122	1.2748
pets	42	3.5918	1.3690
hero	43	3.5800	1.2663
award	44	3.5800	1.2663
artists	45	3.5714	0.9897
perfectly	46	3.5600	1.2027
surprise	47	3.5510	1.2132
inspired	48	3.5400	1.2363
smart	49	3.5400	1.2682
dreams	50	3.5400	1.2839
relationships	51	3.5306	1.1624
candy	52	3.5306	1.3417
fulfill	53	3.5306	1.2633
outdoor	54	3.5200	1.3600
women	55	3.5200	1.4455
partner	56	3.5102	1.0872
valued	57	3.5102	1.0903
hawaii	58	3.5102	1.1973
appreciation	59	3.5000	1.4177
relatives	60	3.4898	1.2309
cupcake	61	3.4800	1.3303
shopping	62	3.4800	1.2040
memories	63	3.4800	1.1356
great-grandchildren	64	3.4600	1.5259
carnival	65	3.4600	1.1698
springs	66	3.4490	1.0114
kind	67	3.4400	1.0229
us	68	3.4400	1.4317
females	69	3.4200	1.4435
agree	70	3.4082	1.1938
arts	71	3.4000	1.2490
grin	72	3.3878	1.2258
diamonds	73	3.3878	1.3675
anniversary	74	3.3878	1.4259
cutie	75	3.3878	1.3220
earning	76	3.3800	1.2311
cake	77	3.3800	1.4267
moms	78	3.3600	1.4249
travel	79	3.3600	1.3078
treat	80	3.3600	1.2769
like	81	3.3400	1.3358
fitness	82	3.3400	1.3208
satisfactory	83	3.3400	1.3654
stronger	84	3.3265	1.3308
hoping	85	3.3200	1.1737
summertime	86	3.3200	1.3333
theatre	87	3.3200	1.4757
forgiven	88	3.3061	1.3279
lottery	89	3.3061	1.4874
play	90	3.3000	1.2207
grandmother	91	3.3000	1.4731
respect	92	3.3000	1.3748
april	93	3.2857	1.1952
hollywood	94	3.2857	1.1606
bloom	95	3.2800	1.1321
autumn	96	3.2653	1.0056
equality	97	3.2653	1.3058
terrific	98	3.2600	1.5074
light	99	3.2600	1.3388
glory	100	3.2600	1.3238
glowing	101	3.2600	1.3684
journey	102	3.2449	1.4781
faith	103	3.2449	1.3020
stars	104	3.2400	1.2737
desired	105	3.2245	1.2660
correct	106	3.2200	1.3006
right	107	3.2200	1.3159
saving	108	3.2200	1.1365
fresh	109	3.2041	1.3994
fair	110	3.2000	1.3711
paid	111	3.2000	1.4000
daddy	112	3.2000	1.5232
intelligence	113	3.2000	1.3115
sports	114	3.2000	1.4832
1st	115	3.2000	1.6248
bright	116	3.2000	1.2649
popular	117	3.1837	1.2885
pregnancy	118	3.1837	1.5475
dance	119	3.1800	1.4791
hello	120	3.1800	1.2600
cool	121	3.1800	1.3666
amazon	122	3.1800	1.3519
earnings	123	3.1800	1.5059
ocean	124	3.1800	1.5322
liberation	125	3.1600	1.2225
fruit	126	3.1600	1.3908
progress	127	3.1600	1.3321
gardening	128	3.1600	1.3764
sexual	129	3.1600	1.4610
athletic	130	3.1458	0.9998
idea	131	3.1400	1.1315
youth	132	3.1400	1.4284
tasting	133	3.1400	1.3713
education	134	3.1200	1.2270
girlfriend	135	3.1200	1.5184
surprisingly	136	3.1200	1.3511
scholarship	137	3.1200	1.5184
secure	138	3.1200	1.3363
star	139	3.1200	1.1940
luckily	140	3.1042	1.5578
rain	141	3.1020	1.4742
may	142	3.1020	1.2975
giving	143	3.1020	1.4321
wonders	144	3.1020	1.3286
splendid	145	3.1000	1.5264
goals	146	3.0833	1.3514
dad	147	3.0816	1.4262
famous	148	3.0816	1.4119
solutions	149	3.0816	1.3223
grandfather	150	3.0800	1.6594
acceptance	151	3.0800	1.3833
fame	152	3.0800	1.3090
guitars	153	3.0800	1.2781
ecstasy	154	3.0800	1.4538
perfume	155	3.0625	1.4054
painting	156	3.0612	1.4485
bbq	157	3.0612	1.3614
skill	158	3.0600	1.2233
theaters	159	3.0600	1.4616
papa	160	3.0600	1.4616
technology	161	3.0600	1.2395
babes	162	3.0417	1.4855
flying	163	3.0400	1.3994
thoughts	164	3.0400	1.1655
dear	165	3.0400	1.2484
gods	166	3.0204	1.6597
massage	167	3.0200	1.3340
car	168	3.0200	1.4627
active	169	3.0200	1.3037
karaoke	170	3.0200	1.3637
care	171	3.0200	1.2726
book	172	3.0000	1.4286
swim	173	3.0000	1.3115
waves	174	3.0000	1.4708
well	175	3.0000	1.3702
animals	176	3.0000	1.3565
bedroom	177	3.0000	1.4000
strong	178	2.9800	1.3489
father	179	2.9800	1.4627
understands	180	2.9800	1.3783
shop	181	2.9800	1.3927
truth	182	2.9800	1.4070
resort	183	2.9800	1.3189
existence	184	2.9800	1.3783
belonging	185	2.9800	1.2726
sincere	186	2.9800	1.3037
dining	187	2.9800	1.1915
overcome	188	2.9796	1.3626
volunteer	189	2.9792	1.2664
survivors	190	2.9600	1.1993
water	191	2.9592	1.2115
@theellenshow	192	2.9592	1.2610
power	193	2.9592	1.3991
grammy	194	2.9583	1.5540
party's	195	2.9400	1.4753
theater	196	2.9400	1.3328
photograph	197	2.9400	1.4616
mobile	198	2.9400	1.4479
protected	199	2.9400	1.2555
halloween	200	2.9400	1.2555
qualities	201	2.9388	1.3763
story	202	2.9388	1.3911
gentle	203	2.9200	1.1973
skills	204	2.9200	1.3541
arrival	205	2.9200	1.2624
lights	206	2.9200	1.2624
princes	207	2.9200	1.4260
woman	208	2.9200	1.5600
neighborhood	209	2.9184	1.3068
raining	210	2.9184	1.3973
online	211	2.9000	1.5000
learning	212	2.9000	1.2845
ebook	213	2.9000	1.2369
drink	214	2.9000	1.3454
cheese	215	2.9000	1.2042
india	216	2.9000	1.6763
toy	217	2.9000	1.5000
banana	218	2.9000	1.1533
ideal	219	2.9000	1.2689
piano	220	2.9000	1.3601
customers	221	2.8980	1.4033
desires	222	2.8800	1.2906
understood	223	2.8800	1.3060
agreement	224	2.8800	1.3511
poems	225	2.8800	1.2906
gives	226	2.8800	1.2432
dating	227	2.8800	1.3659
new	228	2.8800	1.3948
purchase	229	2.8800	1.2270
pumpkin	230	2.8776	1.3943
easter	231	2.8600	1.4284
bedtime	232	2.8600	1.3418
tender	233	2.8600	1.2808
ownership	234	2.8600	1.3418
supported	235	2.8600	1.2808
daughter	236	2.8600	1.5622
miami	237	2.8600	1.2808
rides	238	2.8600	1.4834
bubble	239	2.8571	1.2778
niece	240	2.8571	1.3248
style	241	2.8571	1.4708
feeding	242	2.8571	1.1249
beers	243	2.8400	1.3908
owns	244	2.8400	1.3764
conversation	245	2.8400	1.1552
exhibition	246	2.8400	1.5409
america's	247	2.8400	1.3321
dates	248	2.8400	1.4472
orange	249	2.8400	1.4051
always	250	2.8400	1.3618
agreed	251	2.8367	1.1311
specialized	252	2.8200	1.5191
kings	253	2.8200	1.4379
solution	254	2.8200	1.3220
expression	255	2.8200	1.3666
sofa	256	2.8200	1.1609
tea	257	2.8200	1.3370
film	258	2.8200	1.5322
prince	259	2.8200	1.5452
soccer	260	2.8163	1.2725
salvation	261	2.8163	1.4239
exclusively	262	2.8163	1.5074
tot	263	2.8163	1.1896
olympic	264	2.8000	1.4832
ball	265	2.8000	1.4142
talking	266	2.8000	1.4422
forest	267	2.8000	1.4283
survey	268	2.8000	1.4832
performed	269	2.8000	1.4832
android	270	2.8000	1.4283
democracy	271	2.8000	1.2166
visits	272	2.7959	1.2933
assets	273	2.7959	1.3994
wings	274	2.7959	1.3994
deserved	275	2.7959	1.3699
majesty	276	2.7959	1.3699
purchased	277	2.7800	1.2695
costumes	278	2.7800	1.5270
ethics	279	2.7800	1.4462
fishing	280	2.7800	1.2376
partnership	281	2.7800	1.3159
co-op	282	2.7800	1.4041
thrill	283	2.7800	1.2213
thousands	284	2.7800	1.4041
expressions	285	2.7800	1.3460
appears	286	2.7600	1.3500
increasingly	287	2.7600	1.4908
potatoes	288	2.7600	1.3500
fly	289	2.7600	1.4361
bath	290	2.7600	1.2257
equally	291	2.7600	1.2579
worth	292	2.7600	1.3200
bro	293	2.7551	1.5324
finished	294	2.7551	1.3928
featured	295	2.7551	1.4643
sciences	296	2.7551	1.3781
salad	297	2.7551	1.4361
saves	298	2.7400	1.3388
coupon	299	2.7400	1.3973
academic	300	2.7400	1.3973
sympathetic	301	2.7400	1.2619
protein	302	2.7400	1.3684
resolved	303	2.7400	1.3684
silk	304	2.7400	1.2932
funds	305	2.7400	1.3238
ours	306	2.7400	1.3238
jobs	307	2.7400	1.4256
hottest	308	2.7347	1.4677
begins	309	2.7347	1.1741
lullaby	310	2.7200	1.2496
diversity	311	2.7200	1.3571
poetry	312	2.7200	1.2812
december	313	2.7200	1.3422
france	314	2.7143	1.2778
biggest	315	2.7143	1.3401
balanced	316	2.7143	1.2454
privilege	317	2.7143	1.3248
plane	318	2.7000	1.4457
running	319	2.7000	1.2845
cafe	320	2.7000	1.3153
heritage	321	2.7000	1.3153
feature	322	2.7000	1.4866
certain	323	2.7000	1.2845
fav	324	2.6939	1.3881
dynamic	325	2.6939	1.2487
greatly	326	2.6939	1.3279
ethical	327	2.6800	1.2400
twin	328	2.6800	1.3333
butter	329	2.6800	1.1906
infant	330	2.6800	1.6302
praying	331	2.6800	1.5158
exclusive	332	2.6800	1.3482
sensation	333	2.6800	1.3029
value	334	2.6800	1.3482
legacy	335	2.6800	1.3920
lord	336	2.6800	1.4757
hah	337	2.6800	1.4063
nights	338	2.6735	1.2839
green	339	2.6735	1.3760
naked	340	2.6735	1.4762
evening	341	2.6735	1.2187
legend	342	2.6600	1.5048
walking	343	2.6600	1.2901
atmosphere	344	2.6600	1.3654
realised	345	2.6600	1.2265
combinations	346	2.6600	1.3944
baked	347	2.6600	1.3800
oooooh	348	2.6600	1.3507
explore	349	2.6600	1.3208
united	350	2.6600	1.3944
singer	351	2.6600	1.4507
slim	352	2.6531	1.4364
momento	353	2.6531	1.3931
lawn	354	2.6531	1.4506
options	355	2.6400	1.2611
grandsons	356	2.6400	1.5068
listening	357	2.6400	1.3078
connect	358	2.6400	1.1621
amen	359	2.6400	1.3966
albums	360	2.6400	1.3822
varieties	361	2.6400	1.2769
activities	362	2.6400	1.1621
males	363	2.6400	1.3078
haircut	364	2.6327	1.3805
facts	365	2.6327	1.3506
casa	366	2.6327	1.3045
languages	367	2.6327	1.3506
band	368	2.6200	1.2632
originally	369	2.6200	1.4065
given	370	2.6200	1.3984
apartment	371	2.6200	1.3400
latest	372	2.6200	1.4818
alternatives	373	2.6200	1.3695
superior	374	2.6200	1.2789
whole	375	2.6200	1.3984
screenplay	376	2.6200	1.3098
manners	377	2.6122	1.2907
think	378	2.6122	1.3373
breast	379	2.6122	1.3823
jajaja	380	2.6042	1.3188
reaching	381	2.6000	1.3711
afford	382	2.6000	1.3266
suite	383	2.6000	1.4967
appointed	384	2.6000	1.4142
scent	385	2.6000	1.4000
download	386	2.6000	1.3416
yellow	387	2.6000	1.3266
arrived	388	2.6000	1.2166
tattoo	389	2.6000	1.4283
landscape	390	2.6000	1.3115
existing	391	2.6000	1.2329
80's	392	2.6000	1.2649
phone	393	2.6000	1.2329
clearer	394	2.6000	1.4000
land	395	2.6000	1.2961
producing	396	2.5918	1.1591
england	397	2.5918	1.3838
amount	398	2.5918	1.3235
joined	399	2.5833	1.2883
aid	400	2.5800	1.3430
communities	401	2.5800	1.1152
placing	402	2.5800	1.4435
agricultural	403	2.5800	1.4845
premiere	404	2.5800	1.4155
bold	405	2.5800	1.3578
consciousness	406	2.5800	1.3129
booty	407	2.5800	1.4295
society	408	2.5800	1.2820
coverage	409	2.5714	1.4428
fave	410	2.5714	1.3702
rocked	411	2.5714	1.3702
balls	412	2.5600	1.3879
colour	413	2.5600	1.3440
investments	414	2.5600	1.3879
organizations	415	2.5600	1.3735
feelings	416	2.5600	1.3291
engineers	417	2.5600	1.3879
antiques	418	2.5600	1.3291
proposals	419	2.5600	1.3291
audiences	420	2.5600	1.3735
revenue	421	2.5600	1.4305
shoes	422	2.5600	1.2516
chillin	423	2.5600	1.3440
overseas	424	2.5600	1.4719
devotion	425	2.5600	1.2674
tweeting	426	2.5600	1.4023
resolve	427	2.5600	1.2192
practice	428	2.5600	1.3735
yields	429	2.5510	1.2464
century	430	2.5510	1.4717
dividends	431	2.5510	1.4437
gracias	432	2.5510	1.1617
cambridge	433	2.5510	1.4437
hindu	434	2.5417	1.3988
nearest	435	2.5400	1.3887
skirt	436	2.5400	1.2682
possibly	437	2.5400	1.2363
pianist	438	2.5400	1.1868
civilization	439	2.5400	1.2682
escape	440	2.5400	1.2839
expanded	441	2.5400	1.4725
dine	442	2.5400	1.3596
composed	443	2.5400	1.2035
bags	444	2.5400	1.2994
sufficiently	445	2.5400	1.4589
veterans	446	2.5400	1.2200
rises	447	2.5306	1.2794
drive	448	2.5306	1.3718
aware	449	2.5306	1.2471
feliz	450	2.5306	1.3568
yeah	451	2.5306	1.3264
photoshop	452	2.5306	1.4722
connected	453	2.5200	1.2687
thursdays	454	2.5200	1.2998
starry	455	2.5200	1.2844
stimulus	456	2.5200	1.2368
mellow	457	2.5200	1.0998
soul	458	2.5200	1.3151
lmfao	459	2.5200	1.5263
dozens	460	2.5200	1.3891
maryland	461	2.5200	1.4034
scripture	462	2.5200	1.3891
appointment	463	2.5200	1.4034
construct	464	2.5200	1.4034
worlds	465	2.5102	1.1801
essential	466	2.5000	1.2845
tokyo	467	2.5000	1.3153
tall	468	2.5000	1.2689
determination	469	2.5000	1.2369
dawning	470	2.5000	1.2369
candles	471	2.5000	1.2530
theatrical	472	2.5000	1.1358
gulf	473	2.5000	1.5000
attention	474	2.5000	1.1874
facilities	475	2.5000	1.4318
dressed	476	2.5000	1.3454
civil	477	2.4898	1.3267
usually	478	2.4898	1.2956
nurses	479	2.4898	1.2309
knight	480	2.4898	1.4863
valid	481	2.4898	1.3112
dictionary	482	2.4898	1.2474
apply	483	2.4898	1.3267
models	484	2.4800	1.2844
device	485	2.4800	1.3600
forward	486	2.4800	1.2205
sculpture	487	2.4800	1.1356
holy	488	2.4800	1.3891
planned	489	2.4800	1.2687
vocals	490	2.4694	1.3718
trend	491	2.4694	1.4157
premier	492	2.4694	1.1798
selling	493	2.4694	1.4722
involvement	494	2.4694	1.3264
broadcasting	495	2.4694	1.1084
distinctive	496	2.4694	1.2794
rhyme	497	2.4694	1.4012
science	498	2.4600	1.3448
collected	499	2.4600	1.2363
feeds	500	2.4600	1.2363
eye	501	2.4600	1.2363
sponsored	502	2.4600	1.4030
atm	503	2.4600	1.3742
wholly	504	2.4600	1.3742
quick	505	2.4600	1.3887
word	506	2.4600	1.4312
fact	507	2.4600	1.1868
editions	508	2.4600	1.4312
lime	509	2.4600	1.1868
4-bedroom	510	2.4600	1.5647
substantial	511	2.4600	1.1868
railway	512	2.4600	1.4312
held	513	2.4583	1.2240
private	514	2.4490	1.2787
climbing	515	2.4490	1.0314
effort	516	2.4490	1.3562
athletes	517	2.4490	1.2946
corn	518	2.4490	1.2787
woot	519	2.4490	1.4437
everywhere	520	2.4490	1.4294
proved	521	2.4490	1.3257
obtaining	522	2.4400	1.2674
dude	523	2.4400	1.2192
proteins	524	2.4400	1.3139
whiskey	525	2.4400	1.3139
news	526	2.4400	1.1689
optical	527	2.4400	1.3879
bank	528	2.4400	1.3291
hallelujah	529	2.4400	1.4165
presentation	530	2.4400	1.3879
observation	531	2.4400	1.4165
faster	532	2.4400	1.2986
hai	533	2.4400	1.5253
fur	534	2.4400	1.3291
romeo	535	2.4400	1.3440
gradually	536	2.4400	1.2831
thin	537	2.4375	1.0783
regards	538	2.4286	1.4286
suggestions	539	2.4286	1.2454
considerably	540	2.4286	1.3553
priority	541	2.4286	1.3248
decent	542	2.4286	1.2936
lead	543	2.4200	1.3280
icon	544	2.4200	1.3578
cultural	545	2.4200	1.3724
custom	546	2.4200	1.1330
fits	547	2.4200	1.4295
daughter-in-law	548	2.4200	1.4979
captain	549	2.4200	1.3280
membership	550	2.4200	1.2180
finals	551	2.4200	1.5374
allow	552	2.4200	1.2015
streams	553	2.4200	1.3129
certainty	554	2.4200	1.3578
newest	555	2.4200	1.3430
treated	556	2.4200	1.2975
flights	557	2.4167	1.0961
ray	558	2.4167	1.2388
portrait	559	2.4167	1.2720
tone	560	2.4167	1.3514
lessons	561	2.4082	1.2764
umbrella	562	2.4082	1.1591
lip	563	2.4082	1.2604
villages	564	2.4082	1.3235
cowboys	565	2.4082	1.2923
perception	566	2.4000	1.3565
reputation	567	2.4000	1.2961
merchants	568	2.4000	1.2806
buyer	569	2.4000	1.4560
advocate	570	2.4000	1.1489
beings	571	2.4000	1.3711
lick	572	2.4000	1.4560
product	573	2.4000	1.3856
woo	574	2.4000	1.2649
inventory	575	2.4000	1.4283
viva	576	2.4000	1.1832
update	577	2.4000	1.3856
civilians	578	2.4000	1.3115
lots	579	2.3878	1.2587
bff	580	2.3878	1.3970
flag	581	2.3878	1.4543
exhibit	582	2.3878	1.2907
heels	583	2.3878	1.2424
presence	584	2.3878	1.2258
requested	585	2.3800	1.3695
ears	586	2.3800	1.4267
hearing	587	2.3800	1.2472
adopted	588	2.3800	1.4267
client	589	2.3800	1.1814
jews	590	2.3800	1.3400
polish	591	2.3800	1.2147
tomorrow's	592	2.3800	1.2944
succession	593	2.3800	1.2632
related	594	2.3800	1.1982
making	595	2.3800	1.1643
mumbai	596	2.3800	1.3098
chills	597	2.3800	1.4407
respectively	598	2.3800	1.3400
backyard	599	2.3800	1.1116
guiding	600	2.3800	1.2311
souls	601	2.3800	1.3098
benz	602	2.3673	1.4384
canon	603	2.3673	1.4242
packing	604	2.3673	1.2567
business	605	2.3600	1.2924
preparations	606	2.3600	1.4389
fam	607	2.3600	1.2769
resulting	608	2.3600	1.3529
countries	609	2.3600	1.2290
link	610	2.3600	1.1792
angeles	611	2.3600	1.3822
frank	612	2.3600	1.2126
levels	613	2.3600	1.3381
june	614	2.3600	1.3230
towards	615	2.3600	1.4935
asking	616	2.3600	1.3230
studies	617	2.3600	1.3822
she	618	2.3600	1.2611
pose	619	2.3600	1.3529
media	620	2.3600	1.2769
contained	621	2.3600	1.3230
aesthetic	622	2.3469	1.1167
anglo	623	2.3469	1.2380
entrance	624	2.3469	1.3179
singapore	625	2.3469	1.4922
principal	626	2.3469	1.3784
opens	627	2.3469	1.1702
conclude	628	2.3404	1.2077
obtained	629	2.3400	1.2901
soldier	630	2.3400	1.3800
ministry	631	2.3400	1.4507
chapels	632	2.3400	1.3654
reconstruction	633	2.3400	1.3358
commerce	634	2.3400	1.3358
felt	635	2.3400	1.1935
wireless	636	2.3400	1.2901
times	637	2.3400	1.3507
mexican	638	2.3400	1.3055
therapeutic	639	2.3400	1.1935
stays	640	2.3400	1.2745
influences	641	2.3400	1.3055
mineral	642	2.3400	1.2901
clerk	643	2.3265	1.2679
essence	644	2.3265	1.0764
boldface	645	2.3265	1.3308
entry	646	2.3200	1.2875
let's	647	2.3200	1.3182
roundup	648	2.3200	1.3629
widely	649	2.3200	1.3482
homie	650	2.3200	1.1565
freeway	651	2.3200	1.3629
filled	652	2.3200	1.3333
empire	653	2.3200	1.3775
lay	654	2.3200	1.1737
nations	655	2.3200	1.2400
dozen	656	2.3200	1.3182
bell	657	2.3200	1.2238
tampa	658	2.3061	1.0918
tale	659	2.3061	1.3125
fix	660	2.3061	1.0342
acres	661	2.3061	1.2968
compete	662	2.3061	1.2650
record	663	2.3061	1.3125
global	664	2.3061	1.2650
cynthia	665	2.3061	1.0537
drew	666	2.3061	1.2968
rehearsal	667	2.3061	1.3279
driven	668	2.3061	1.3583
talkin	669	2.3061	1.3733
implementation	670	2.3000	1.2207
path	671	2.3000	1.2369
we're	672	2.3000	1.1000
clue	673	2.3000	1.1180
interview	674	2.3000	1.2369
definite	675	2.3000	1.3153
perceived	676	2.3000	1.3153
irish	677	2.3000	1.2689
series	678	2.3000	1.1533
economics	679	2.3000	1.3601
shes	680	2.3000	1.2845
vancouver	681	2.3000	1.4457
proceed	682	2.3000	1.1180
involving	683	2.3000	1.2369
chancellor	684	2.3000	1.3000
remind	685	2.2857	1.1606
wanted	686	2.2857	1.2617
handling	687	2.2800	1.4148
annie	688	2.2800	1.2335
rolling	689	2.2800	1.2968
elaborate	690	2.2800	1.1496
changes	691	2.2800	1.2335
foundation	692	2.2800	1.2812
all	693	2.2800	1.3273
north	694	2.2800	1.3121
aimed	695	2.2800	1.2655
heights	696	2.2800	1.2007
dice	697	2.2800	1.3273
charter	698	2.2800	1.2968
accounts	699	2.2800	1.3717
rihanna	700	2.2800	1.3121
classes	701	2.2800	1.3862
stroll	702	2.2800	1.1669
illusions	703	2.2800	1.2007
profile	704	2.2800	1.2335
big	705	2.2800	1.2007
mathematics	706	2.2800	1.3422
collar	707	2.2800	1.3862
ok	708	2.2800	1.1321
bridge	709	2.2800	1.1669
tan	710	2.2800	1.0778
sheep	711	2.2800	1.2335
fitted	712	2.2800	1.4148
broad	713	2.2800	1.2172
morality	714	2.2800	1.0591
their	715	2.2708	1.3029
practical	716	2.2653	1.2417
earlier	717	2.2653	1.2084
concepts	718	2.2653	1.3213
geographical	719	2.2653	1.3058
wii	720	2.2653	1.3964
endorsed	721	2.2653	1.4677
mount	722	2.2653	1.2742
provision	723	2.2653	1.2252
newsstands	724	2.2600	1.2460
generated	725	2.2600	1.3388
individual	726	2.2600	1.1800
philosophical	727	2.2600	1.1629
1960s	728	2.2600	1.1629
moscow	729	2.2600	1.3238
characterized	730	2.2600	1.1968
atlantic	731	2.2600	1.2619
showing	732	2.2600	1.1629
looked	733	2.2600	1.2932
wright	734	2.2600	1.4534
voices	735	2.2600	1.1280
nova	736	2.2600	1.3086
cultivated	737	2.2600	1.2460
fully	738	2.2600	1.2777
drinking	739	2.2600	1.2777
financial	740	2.2600	1.3973
footage	741	2.2500	1.3307
suitcase	742	2.2500	0.9682
visitation	743	2.2449	1.3781
doors	744	2.2449	1.1699
jay	745	2.2449	1.3928
letting	746	2.2449	1.3176
supplied	747	2.2449	1.2541
reflected	748	2.2449	1.1523
outlets	749	2.2449	1.2211
fuckin	750	2.2449	1.5456
characteristics	751	2.2449	1.2043
infinite	752	2.2449	1.0791
drivin	753	2.2449	1.2211
amsterdam	754	2.2400	1.2893
european	755	2.2400	1.1926
bass	756	2.2400	1.3200
roam	757	2.2400	1.2093
national	758	2.2400	1.1586
ohhhh	759	2.2400	1.2893
leaf	760	2.2400	1.1412
grasp	761	2.2400	1.1758
hype	762	2.2400	1.2419
alison	763	2.2400	1.2579
scales	764	2.2400	1.1926
blogger	765	2.2400	1.1926
expansion	766	2.2400	1.3200
taiwan	767	2.2400	1.2893
chairwoman	768	2.2292	1.2949
demonstrated	769	2.2245	1.2978
garlic	770	2.2245	1.1652
instant	771	2.2245	1.1297
evidence	772	2.2245	1.2820
demonstration	773	2.2245	1.3442
yah	774	2.2245	1.2497
governments	775	2.2245	1.1297
monetary	776	2.2245	1.3289
carefully	777	2.2245	1.1998
espn	778	2.2245	1.3442
makers	779	2.2245	1.2820
references	780	2.2245	1.3134
preserved	781	2.2245	1.2820
vital	782	2.2245	1.3442
people's	783	2.2200	1.2851
2morrow	784	2.2200	1.1187
secretary	785	2.2200	1.2536
professionals	786	2.2200	1.3159
sane	787	2.2200	1.1881
interior	788	2.2200	1.1712
flown	789	2.2200	1.0824
islanders	790	2.2200	1.2048
crop	791	2.2200	1.1539
cattle	792	2.2200	1.2376
globe	793	2.2200	1.1712
conquest	794	2.2200	1.2376
priced	795	2.2200	1.3159
speakers	796	2.2200	1.1187
chap	797	2.2200	1.2376
diaries	798	2.2200	1.1881
florence	799	2.2200	1.3006
lobby	800	2.2200	1.2536
9pm	801	2.2200	1.3159
hat	802	2.2200	1.2376
station	803	2.2200	1.2695
exact	804	2.2200	1.3310
interpretation	805	2.2200	1.2213
veteran	806	2.2041	1.3245
does	807	2.2041	1.1602
developments	808	2.2041	1.3245
corrected	809	2.2041	1.1245
leo	810	2.2041	1.1949
he	811	2.2041	1.3994
exchanges	812	2.2041	1.1602
luna	813	2.2041	1.2774
organs	814	2.2041	1.2286
upward	815	2.2041	1.2774
pardon	816	2.2000	1.1832
declaration	817	2.2000	1.0770
katie	818	2.2000	1.4283
average	819	2.2000	1.1314
campaigns	820	2.2000	1.2961
directly	821	2.2000	1.1489
essentially	822	2.2000	1.2490
reform	823	2.2000	1.2329
halo	824	2.2000	1.1662
garcia	825	2.2000	1.3266
gf	826	2.2000	1.3565
immediate	827	2.2000	1.2166
supermarkets	828	2.2000	1.2000
landing	829	2.1837	1.1724
volume	830	2.1837	1.0746
contract	831	2.1837	1.2885
motor	832	2.1837	1.1724
age	833	2.1837	1.0628
boss	834	2.1837	1.1189
wheel	835	2.1837	1.1370
shoe	836	2.1837	1.1370
weighted	837	2.1800	1.3068
accordingly	838	2.1800	1.1780
1960's	839	2.1800	1.0898
developers	840	2.1800	1.3519
circulation	841	2.1800	1.1080
picks	842	2.1800	1.1435
germany	843	2.1800	1.2440
frequency	844	2.1800	1.2114
farther	845	2.1800	1.3812
apartments	846	2.1800	1.2278
symbol	847	2.1800	1.2114
emerged	848	2.1800	1.2278
privately	849	2.1800	1.1080
members	850	2.1800	1.1259
manner	851	2.1800	1.2114
stuffed	852	2.1800	1.2600
registered	853	2.1800	1.2114
plain	854	2.1633	1.2673
inches	855	2.1633	1.2011
faced	856	2.1633	1.3605
continuous	857	2.1633	1.0945
gal	858	2.1633	1.2833
joint	859	2.1633	1.3301
sarah	860	2.1633	1.2833
fluid	861	2.1633	1.0565
passing	862	2.1633	1.3301
traders	863	2.1633	1.3301
shakes	864	2.1633	1.2180
recalled	865	2.1633	1.2347
circular	866	2.1633	1.2347
denver	867	2.1600	1.1552
preface	868	2.1600	1.3017
federation	869	2.1600	1.3017
want	870	2.1600	1.0268
antonio	871	2.1600	1.3321
bet	872	2.1600	1.0837
sets	873	2.1600	1.1200
#letsbehonest	874	2.1600	1.3618
gucci	875	2.1600	1.2225
whenever	876	2.1600	1.2060
graphics	877	2.1600	1.2387
occupy	878	2.1600	1.2060
league	879	2.1600	1.2387
came	880	2.1600	1.1893
training	881	2.1429	1.2122
organizational	882	2.1429	1.2778
woah	883	2.1429	1.1249
himself	884	2.1429	1.3093
warrior	885	2.1429	1.3401
position	886	2.1429	1.1429
led	887	2.1429	1.2454
sono	888	2.1429	1.1780
u	889	2.1400	1.3713
curtains	890	2.1400	1.1664
depend	891	2.1400	1.1264
economist	892	2.1400	1.2963
mysterious	893	2.1400	1.1834
ikea	894	2.1400	1.0002
somebody	895	2.1400	1.1664
sally	896	2.1400	1.3116
flipmode	897	2.1400	1.2002
arnold	898	2.1400	1.3116
pa	899	2.1400	1.3858
oliver	900	2.1400	1.2330
approaching	901	2.1400	1.2492
linux	902	2.1400	1.2002
informal	903	2.1400	1.2167
theology	904	2.1400	1.1491
ac	905	2.1400	1.3713
turn	906	2.1400	1.1315
priests	907	2.1400	1.2002
such	908	2.1400	1.2167
materials	909	2.1400	1.1834
distance	910	2.1400	1.2167
calif	911	2.1277	1.2311
thursday	912	2.1250	1.2521
mack	913	2.1250	1.1659
checked	914	2.1250	1.1837
etsy	915	2.1224	1.2060
timbaland	916	2.1224	1.1889
surrounding	917	2.1224	1.3345
carrier	918	2.1224	1.3191
let	919	2.1224	1.2060
statement	920	2.1224	1.2228
pick	921	2.1224	1.1363
aspects	922	2.1200	1.1600
sailor	923	2.1200	1.1771
flat	924	2.1200	1.2750
beatles	925	2.1200	1.1771
negotiate	926	2.1200	1.1600
follows	927	2.1200	1.1940
stage	928	2.1200	1.3060
am	929	2.1200	1.1071
vessel	930	2.1200	1.3212
capacity	931	2.1200	1.2906
current	932	2.1200	1.1426
shape	933	2.1200	1.2750
will	934	2.1200	1.1426
assigned	935	2.1200	1.2432
gloria	936	2.1200	1.1771
nitrogen	937	2.1200	1.3511
y'all	938	2.1200	1.2432
naive	939	2.1200	1.1600
tie	940	2.1200	1.2592
remark	941	2.1200	1.2106
esther	942	2.1200	1.2592
lust	943	2.1200	1.2592
stuff	944	2.1200	1.1771
gates	945	2.1200	1.1071
abstract	946	2.1200	1.1250
omg	947	2.1200	1.3363
alaska	948	2.1200	1.3060
oakland	949	2.1200	1.2750
reagan	950	2.1200	1.1600
mix	951	2.1200	1.1426
gran	952	2.1200	1.2106
daniel	953	2.1042	1.1944
tested	954	2.1020	1.1994
verb	955	2.1020	1.0545
carried	956	2.1020	1.0350
sent	957	2.1020	1.2163
equations	958	2.1000	1.3454
ancient	959	2.1000	1.1358
state's	960	2.1000	1.2689
explains	961	2.1000	1.2689
thinkin	962	2.1000	1.2207
left	963	2.1000	1.2042
frances	964	2.1000	1.2042
positions	965	2.1000	1.2369
organ	966	2.1000	1.2530
pilot	967	2.1000	1.3000
coal	968	2.1000	1.2845
occurs	969	2.1000	1.1180
posterior	970	2.1000	1.2689
deeds	971	2.1000	0.9849
ritual	972	2.1000	1.1874
jenny	973	2.1000	1.2689
bear	974	2.1000	1.2042
years	975	2.1000	1.1000
circle	976	2.1000	1.1533
sensory	977	2.1000	1.2042
hardcore	978	2.1000	1.3748
dna	979	2.1000	1.2207
central	980	2.1000	1.2369
mmm	981	2.1000	1.1180
tummy	982	2.1000	1.1533
cent	983	2.1000	1.1874
covering	984	2.1000	1.0050
melting	985	2.1000	1.2845
ah	986	2.1000	1.2845
sharon	987	2.1000	1.2042
whether	988	2.1000	1.2042
spending	989	2.1000	1.1000
mathematical	990	2.1000	1.1358
portion	991	2.0833	1.1149
arthur	992	2.0816	0.9655
persuade	993	2.0816	1.2262
description	994	2.0816	1.1577
hotter	995	2.0816	1.2910
transactions	996	2.0816	1.2590
leven	997	2.0816	1.1752
command	998	2.0816	1.2910
blonde	999	2.0816	1.1399
diary	1000	2.0816	1.0466
chairman	1001	2.0800	1.3242
assumptions	1002	2.0800	1.2781
forex	1003	2.0800	1.2937
states	1004	2.0800	1.1107
sold	1005	2.0800	1.1634
vida	1006	2.0800	1.1107
tank	1007	2.0800	1.2464
filter	1008	2.0800	1.1973
samples	1009	2.0800	1.2303
mondays	1010	2.0800	1.2781
walkin	1011	2.0800	1.1973
somethin	1012	2.0800	1.1461
ink	1013	2.0800	1.1634
scott	1014	2.0800	1.1634
paul	1015	2.0800	1.2624
halfway	1016	2.0800	1.0741
soap	1017	2.0800	1.0925
surrounds	1018	2.0800	1.2781
combo	1019	2.0800	1.2464
a1	1020	2.0800	1.4945
circles	1021	2.0800	1.1285
wagner	1022	2.0800	1.4400
spaces	1023	2.0800	1.1461
measures	1024	2.0625	1.2650
carlos	1025	2.0612	1.1677
referred	1026	2.0612	1.3000
advised	1027	2.0612	1.0768
crush	1028	2.0612	1.2521
button	1029	2.0612	1.1322
mortal	1030	2.0612	1.2521
bid	1031	2.0612	0.9981
l	1032	2.0612	1.2843
said	1033	2.0612	1.3157
amber	1034	2.0612	1.0382
arrow	1035	2.0612	1.2521
brian	1036	2.0600	1.2714
sitting	1037	2.0600	1.1029
bishops	1038	2.0600	1.2555
observer	1039	2.0600	1.3177
nov	1040	2.0600	1.3477
brown	1041	2.0600	1.2395
rubin	1042	2.0600	1.2233
soil	1043	2.0600	1.2714
eastside	1044	2.0600	1.0660
mist	1045	2.0600	1.2233
footsteps	1046	2.0600	1.1732
election	1047	2.0600	0.9468
bobby	1048	2.0600	1.1560
properties	1049	2.0600	1.2714
mother-in-law	1050	2.0600	1.1386
ways	1051	2.0600	1.1209
concerned	1052	2.0600	1.0471
however	1053	2.0600	1.1386
rear	1054	2.0600	1.2395
57th	1055	2.0600	1.2068
data	1056	2.0600	1.1901
tower	1057	2.0600	1.2233
manuscript	1058	2.0600	1.1209
collections	1059	2.0600	1.2555
gud	1060	2.0600	1.3328
marcus	1061	2.0417	1.1719
sentences	1062	2.0408	1.1945
tends	1063	2.0408	1.1599
neutral	1064	2.0408	1.1421
passage	1065	2.0408	1.1421
pronounced	1066	2.0408	1.1945
steppin	1067	2.0408	1.1773
kevin	1068	2.0408	1.1945
same	1069	2.0408	1.1599
ass	1070	2.0408	1.4841
josh	1071	2.0408	1.2930
classified	1072	2.0408	1.1058
pro	1073	2.0408	1.2115
track	1074	2.0408	1.1241
aide	1075	2.0408	1.1945
spoken	1076	2.0400	1.1993
corazon	1077	2.0400	1.2484
blues	1078	2.0400	1.1482
williams	1079	2.0400	1.2159
pants	1080	2.0400	1.0763
subjective	1081	2.0400	1.0763
cord	1082	2.0400	1.1993
cover	1083	2.0400	1.0947
turned	1084	2.0400	1.1655
peggy	1085	2.0400	1.2159
excess	1086	2.0400	1.2955
designated	1087	2.0400	1.2643
applications	1088	2.0400	1.2322
except	1089	2.0400	1.1482
themselves	1090	2.0400	1.1993
producers	1091	2.0400	1.2322
sovereign	1092	2.0400	1.1307
tag	1093	2.0400	1.2643
sippin	1094	2.0400	1.0947
manufacturing	1095	2.0400	1.1655
reference	1096	2.0208	1.0895
reviewer	1097	2.0204	1.1692
palmer	1098	2.0204	1.2036
jonathan	1099	2.0204	0.9581
abc	1100	2.0204	1.2856
adam	1101	2.0204	1.2696
alma	1102	2.0204	1.1692
shaggy	1103	2.0204	1.2370
phenomenon	1104	2.0204	1.2370
covered	1105	2.0200	1.1574
investor	1106	2.0200	1.2081
syracuse	1107	2.0200	1.2726
taxpayers	1108	2.0200	1.2246
mechanical	1109	2.0200	1.1400
mister	1110	2.0200	1.0486
sections	1111	2.0200	1.1574
ounce	1112	2.0200	1.1574
retweet	1113	2.0200	1.1746
serbian	1114	2.0200	1.1915
plains	1115	2.0200	1.1915
absorption	1116	2.0200	1.0675
pamela	1117	2.0200	1.2408
still	1118	2.0200	1.1574
lah	1119	2.0200	1.1915
greenwich	1120	2.0200	1.2883
franklin	1121	2.0200	1.1223
reminded	1122	2.0200	1.0675
clip	1123	2.0200	1.1746
borne	1124	2.0200	1.1746
executives	1125	2.0200	1.3637
listenin	1126	2.0200	1.0861
rocky	1127	2.0200	1.1915
metal	1128	2.0200	1.0294
necessarily	1129	2.0000	1.2329
would	1130	2.0000	1.1662
newspaper	1131	2.0000	1.2490
civic	1132	2.0000	1.0954
beijing	1133	2.0000	1.1489
police	1134	2.0000	1.1314
regardless	1135	2.0000	1.1429
administered	1136	2.0000	1.3416
busy	1137	2.0000	0.9798
notion	1138	2.0000	1.0583
doorway	1139	2.0000	1.0880
reverse	1140	2.0000	1.1314
puerto	1141	2.0000	1.1832
sending	1142	2.0000	1.0690
mike	1143	2.0000	1.2490
van	1144	2.0000	1.0302
question	1145	2.0000	1.2247
manhattan	1146	2.0000	1.0954
lisa	1147	2.0000	1.0954
kay	1148	2.0000	1.2806
swear	1149	2.0000	1.2649
signals	1150	2.0000	1.2000
toss	1151	2.0000	1.2649
adjustment	1152	2.0000	1.1489
conventional	1153	2.0000	1.0954
ya	1154	2.0000	1.2329
parts	1155	2.0000	1.2166
processing	1156	2.0000	1.1489
quien	1157	2.0000	1.2329
russian	1158	2.0000	1.0770
needs	1159	2.0000	1.1314
telling	1160	2.0000	1.0954
whispering	1161	2.0000	1.1066
shadow	1162	1.9800	1.1746
gets	1163	1.9800	1.2726
billy	1164	1.9800	1.1915
stripped	1165	1.9800	1.2246
aides	1166	1.9800	1.0861
randomly	1167	1.9800	1.0675
agent	1168	1.9800	1.1223
someday	1169	1.9800	1.0486
fog	1170	1.9800	1.2246
topic	1171	1.9800	1.1746
dell	1172	1.9800	1.1223
muslim	1173	1.9800	1.1044
wolves	1174	1.9800	1.2246
nun	1175	1.9800	1.0486
mystery	1176	1.9800	0.9897
gas	1177	1.9800	1.1746
sidney	1178	1.9800	1.1915
customs	1179	1.9800	1.0486
hip	1180	1.9800	1.1044
marvin	1181	1.9800	1.1915
goes	1182	1.9800	1.0486
beans	1183	1.9800	1.1915
mask	1184	1.9796	1.0200
sweep	1185	1.9796	1.1156
biblical	1186	1.9796	1.2370
huntington	1187	1.9796	1.2696
traded	1188	1.9796	1.0784
o'neill	1189	1.9796	1.1865
transaction	1190	1.9796	1.1156
ojos	1191	1.9792	1.2160
helen	1192	1.9600	1.0385
sec	1193	1.9600	1.0763
we'll	1194	1.9600	1.1482
delaware	1195	1.9600	1.1825
den	1196	1.9600	1.1128
state	1197	1.9600	1.1655
tweetdeck	1198	1.9600	1.1993
internal	1199	1.9600	1.0763
tyson	1200	1.9600	1.0763
stamford	1201	1.9600	1.1825
lateral	1202	1.9600	1.1307
mile	1203	1.9600	1.1993
molecules	1204	1.9600	1.1307
matrix	1205	1.9600	1.1655
whore	1206	1.9600	1.5094
his	1207	1.9600	1.1482
hitherto	1208	1.9600	1.1655
machinery	1209	1.9600	1.2322
ties	1210	1.9600	1.1825
wide	1211	1.9600	1.1993
keepin	1212	1.9600	1.1128
discipline	1213	1.9600	1.3260
turns	1214	1.9600	1.0763
shy	1215	1.9600	1.1655
sip	1216	1.9600	1.0947
administration	1217	1.9600	1.2643
road	1218	1.9600	1.1128
flippin	1219	1.9600	1.0763
cole	1220	1.9600	1.1655
physicians	1221	1.9592	1.2447
turner	1222	1.9592	1.1599
finite	1223	1.9592	1.1773
ace	1224	1.9592	1.1421
examined	1225	1.9592	1.1773
recuerdo	1226	1.9592	1.1773
versions	1227	1.9592	1.1241
away	1228	1.9592	1.1773
investigating	1229	1.9592	1.1058
long	1230	1.9592	0.9680
weird	1231	1.9592	1.1599
fuera	1232	1.9592	1.1421
lit	1233	1.9592	1.1773
sox	1234	1.9583	1.1719
jewish	1235	1.9583	1.0985
defined	1236	1.9400	1.0846
agents	1237	1.9400	1.0846
brotha	1238	1.9400	0.9881
popped	1239	1.9400	1.0082
o'brien	1240	1.9400	1.1029
arizona	1241	1.9400	1.2233
hut	1242	1.9400	1.1732
muy	1243	1.9400	1.1901
id	1244	1.9400	1.1560
oooo	1245	1.9400	1.2870
sean	1246	1.9400	1.1386
johnson	1247	1.9400	1.1209
gary	1248	1.9400	1.1386
drawers	1249	1.9400	1.1386
acts	1250	1.9400	1.1732
dot	1251	1.9400	1.1386
jar	1252	1.9400	1.1560
milton	1253	1.9400	1.2233
hartford	1254	1.9400	1.1029
ole	1255	1.9400	1.1386
five-year	1256	1.9400	1.1029
herman	1257	1.9388	1.0768
editorials	1258	1.9388	1.0184
govt	1259	1.9388	1.0956
nhl	1260	1.9388	1.2683
aids	1261	1.9388	1.2521
medical	1262	1.9388	1.1322
tangled	1263	1.9388	1.2521
rookie	1264	1.9388	1.1322
how's	1265	1.9200	1.1107
comparison	1266	1.9200	1.1107
wholesalers	1267	1.9200	1.2303
entre	1268	1.9200	1.1107
om	1269	1.9200	1.3977
amp	1270	1.9200	1.1107
former	1271	1.9200	0.9968
trance	1272	1.9200	1.1285
moves	1273	1.9200	1.0553
economists	1274	1.9200	1.0167
gots	1275	1.9200	1.0741
common	1276	1.9200	1.1285
brad	1277	1.9200	1.2139
harlem	1278	1.9200	1.1461
interpreted	1279	1.9200	1.0925
accounting	1280	1.9200	1.3242
click	1281	1.9200	0.9968
pena	1282	1.9200	1.1634
pronto	1283	1.9200	1.0925
behold	1284	1.9200	1.0925
boundaries	1285	1.9200	1.0553
hypnotized	1286	1.9200	1.1805
judges	1287	1.9200	0.9968
rewind	1288	1.9200	1.1285
secondary	1289	1.9200	1.1634
bulletin	1290	1.9200	1.0925
stepping	1291	1.9200	1.1461
pieces	1292	1.9200	0.9558
sustained	1293	1.9200	1.1107
cuz	1294	1.9200	1.0167
ones	1295	1.9200	0.9968
lists	1296	1.9200	1.1461
knees	1297	1.9184	1.1399
nearly	1298	1.9184	1.2094
cornell	1299	1.9184	1.2262
junior	1300	1.9000	1.1533
homeboy	1301	1.9000	1.1180
could	1302	1.9000	1.0050
greene	1303	1.9000	1.2530
dj	1304	1.9000	1.1180
smith	1305	1.9000	1.0050
ira	1306	1.9000	1.0247
diggin	1307	1.9000	0.9434
louder	1308	1.9000	1.1358
role	1309	1.9000	1.2042
19th	1310	1.9000	1.1180
ellis	1311	1.9000	1.1180
versus	1312	1.9000	1.0050
lawyers	1313	1.9000	1.1705
remainder	1314	1.9000	1.1000
theodore	1315	1.9000	1.1358
probably	1316	1.9000	1.0247
emo	1317	1.9000	1.0630
searched	1318	1.9000	1.1705
authorities	1319	1.9000	1.1874
far	1320	1.8980	1.0926
soo	1321	1.8980	1.0545
milwaukee	1322	1.8980	1.1293
comin	1323	1.8980	1.0926
dass	1324	1.8980	1.1111
weeks	1325	1.8980	1.0545
ripped	1326	1.8980	1.2656
mah	1327	1.8980	1.1994
i'll	1328	1.8958	1.2457
lg	1329	1.8800	1.1771
immigrants	1330	1.8800	1.1071
di	1331	1.8800	1.1771
wah	1332	1.8800	1.2592
snap	1333	1.8800	1.1071
pls	1334	1.8800	1.1940
berlin	1335	1.8800	1.1250
gps	1336	1.8800	1.1771
flames	1337	1.8800	1.0703
edinburgh	1338	1.8800	1.1250
cincinnati	1339	1.8800	1.0323
signal	1340	1.8800	1.0515
diagnosis	1341	1.8800	1.0515
temperature	1342	1.8800	1.0703
disclosure	1343	1.8800	1.0323
northeast	1344	1.8800	1.1426
alien	1345	1.8800	1.2750
sensitivity	1346	1.8800	1.0323
extend	1347	1.8800	1.1426
tire	1348	1.8800	1.1071
harriet	1349	1.8800	1.0323
arlington	1350	1.8800	1.1771
fm	1351	1.8800	1.2270
latin	1352	1.8800	1.0515
cliff	1353	1.8800	1.0127
specimens	1354	1.8776	1.0426
defensive	1355	1.8776	1.0620
slick	1356	1.8776	0.9177
somehow	1357	1.8776	1.0620
units	1358	1.8776	1.0811
moan	1359	1.8776	1.3036
commercial	1360	1.8776	1.0998
compare	1361	1.8776	0.9397
nicht	1362	1.8776	1.1363
patricia	1363	1.8776	1.1225
unit	1364	1.8750	1.0333
holdin	1365	1.8750	1.0333
spent	1366	1.8600	1.0394
defending	1367	1.8600	1.0002
asked	1368	1.8600	0.8720
tied	1369	1.8600	1.0585
tyler	1370	1.8600	1.0394
hooked	1371	1.8600	1.1491
chamber	1372	1.8600	0.9167
bit	1373	1.8600	0.9383
doc	1374	1.8600	0.9800
wrapped	1375	1.8600	1.0772
zone	1376	1.8600	1.0585
rebels	1377	1.8600	1.2330
we'd	1378	1.8600	0.9383
dave	1379	1.8600	1.0002
barney	1380	1.8600	1.1315
jefferson	1381	1.8600	1.2330
mc	1382	1.8600	1.1834
raw	1383	1.8600	1.2002
rapid	1384	1.8600	1.0585
laura	1385	1.8600	1.1664
mortality	1386	1.8600	1.2002
donna	1387	1.8600	1.1664
stretched	1388	1.8600	1.0394
bernstein	1389	1.8600	1.0772
hamilton	1390	1.8600	1.1491
clause	1391	1.8600	1.0772
legislators	1392	1.8571	1.1780
pirates	1393	1.8571	1.1249
#quote	1394	1.8571	0.9897
strapped	1395	1.8571	1.1429
contigo	1396	1.8571	1.1780
sein	1397	1.8571	1.2289
investigators	1398	1.8571	1.1429
number	1399	1.8542	1.1545
substance	1400	1.8400	1.0268
laws	1401	1.8400	0.9871
votes	1402	1.8400	1.0268
bruce	1403	1.8400	0.9457
blown	1404	1.8400	1.1020
admit	1405	1.8400	0.9871
spray	1406	1.8400	1.1020
snatch	1407	1.8400	1.3170
situations	1408	1.8400	1.0072
disguise	1409	1.8400	1.1377
dang	1410	1.8400	1.1552
sherman	1411	1.8400	1.0837
raton	1412	1.8400	1.0837
surface	1413	1.8400	1.0461
finna	1414	1.8400	1.0072
forms	1415	1.8400	1.0837
gate	1416	1.8400	0.8570
density	1417	1.8400	1.1020
issued	1418	1.8400	1.0461
hier	1419	1.8367	1.2011
missouri	1420	1.8367	1.0370
anyway	1421	1.8367	0.9334
jesse	1422	1.8367	1.0945
mm	1423	1.8367	1.0945
columns	1424	1.8367	0.9762
missy	1425	1.8367	1.1667
hes	1426	1.8367	1.0565
anyhow	1427	1.8367	0.8886
walsh	1428	1.8367	1.1129
region	1429	1.8367	1.1840
binding	1430	1.8367	1.1490
anata	1431	1.8333	1.0475
rarely	1432	1.8200	1.0137
fury	1433	1.8200	1.1780
dentro	1434	1.8200	1.0524
niente	1435	1.8200	1.1780
areas	1436	1.8200	1.0524
pin	1437	1.8200	0.9527
hispanic	1438	1.8200	1.0137
amongst	1439	1.8200	1.0524
flipped	1440	1.8200	0.9097
jimmy	1441	1.8200	1.1259
tendency	1442	1.8200	1.1080
dripping	1443	1.8200	1.0332
conservative	1444	1.8200	1.0332
phyllis	1445	1.8200	1.0137
bat	1446	1.8200	1.0713
incidence	1447	1.8163	1.1189
episcopal	1448	1.8163	1.1724
dmx	1449	1.8163	1.1189
foot	1450	1.8163	1.0035
sort	1451	1.8163	1.0434
district	1452	1.8163	1.1005
har	1453	1.8163	1.0434
ooo	1454	1.8163	1.1189
kickin	1455	1.8163	1.0035
baghdad	1456	1.8125	1.1302
vivo	1457	1.8125	1.1116
wayne	1458	1.8000	1.0198
memoir	1459	1.8000	0.9165
it'd	1460	1.8000	1.0198
=d	1461	1.8000	1.2490
atl	1462	1.8000	1.1832
investigate	1463	1.8000	0.9798
branch	1464	1.8000	1.0392
seldom	1465	1.8000	1.0392
node	1466	1.8000	1.0583
tha	1467	1.8000	1.0770
boca	1468	1.8000	1.0198
dana	1469	1.8000	0.9798
schneider	1470	1.8000	1.1489
demi	1471	1.8000	0.9381
varying	1472	1.8000	1.0198
dre	1473	1.8000	1.2329
broader	1474	1.8000	0.9381
memo	1475	1.8000	1.0954
affairs	1476	1.8000	0.9798
of	1477	1.8000	1.0392
passages	1478	1.8000	1.0392
empirical	1479	1.8000	1.1489
row	1480	1.8000	1.0583
clergy	1481	1.8000	1.0392
mouse	1482	1.8000	0.9381
servants	1483	1.8000	1.1136
encounter	1484	1.8000	1.0770
horn	1485	1.8000	0.9798
rush	1486	1.7959	1.0494
pretax	1487	1.7959	1.1062
hunt	1488	1.7959	1.1245
ballin	1489	1.7959	0.9472
israelis	1490	1.7800	0.9228
mccain	1491	1.7800	1.0058
reported	1492	1.7800	1.1007
pull	1493	1.7800	1.0448
stuart	1494	1.7800	1.0448
eight	1495	1.7800	1.1365
blizzard	1496	1.7800	1.2048
bitch	1497	1.7800	1.3754
tho	1498	1.7800	1.0255
doo	1499	1.7800	1.1007
cm	1500	1.7800	1.0058
powder	1501	1.7800	1.0058
meh	1502	1.7800	1.0638
zal	1503	1.7800	1.1007
hrs	1504	1.7800	1.0448
gen	1505	1.7800	1.0255
recording	1506	1.7800	0.9857
reducing	1507	1.7800	1.2048
carter	1508	1.7800	1.1539
anche	1509	1.7755	1.0354
tanto	1510	1.7755	1.0155
prosecutor	1511	1.7755	1.2497
evan	1512	1.7755	1.0354
doug	1513	1.7755	0.8868
seventeenth	1514	1.7755	0.9952
mit	1515	1.7755	0.8868
phat	1516	1.7755	1.1476
turkish	1517	1.7755	1.1114
tract	1518	1.7708	1.0255
poi	1519	1.7600	1.0500
rogers	1520	1.7600	0.9912
ty	1521	1.7600	0.9287
chase	1522	1.7600	0.9499
hardly	1523	1.7600	0.9069
sixty	1524	1.7600	1.0307
pirate	1525	1.7600	1.0500
crossing	1526	1.7600	0.9287
slam	1527	1.7600	1.1586
miles	1528	1.7600	1.0688
bist	1529	1.7600	1.0111
san	1530	1.7600	1.1758
sodium	1531	1.7600	1.0500
atoms	1532	1.7600	1.0688
stiff	1533	1.7600	1.0111
glue	1534	1.7600	1.0111
@donniewahlberg	1535	1.7600	0.9708
albert	1536	1.7551	0.9590
heed	1537	1.7551	1.0406
'i	1538	1.7551	1.1872
ron	1539	1.7551	1.0406
stacks	1540	1.7551	0.8928
kick	1541	1.7551	1.0208
einen	1542	1.7551	0.9590
lagi	1543	1.7447	1.0410
whereas	1544	1.7400	0.9552
limits	1545	1.7400	1.0356
dee	1546	1.7400	1.0161
obsession	1547	1.7400	1.0920
freaky	1548	1.7400	1.0920
across	1549	1.7400	0.9340
schon	1550	1.7400	1.1456
governor's	1551	1.7400	1.0920
cia	1552	1.7400	1.0920
nog	1553	1.7400	1.0161
estimated	1554	1.7400	0.9759
timber	1555	1.7400	0.9552
any	1556	1.7400	0.9552
defeated	1557	1.7400	1.2298
jeanne	1558	1.7400	1.1280
per	1559	1.7400	1.0356
fiend	1560	1.7400	1.2134
prevented	1561	1.7347	1.1208
ridge	1562	1.7347	1.0257
by	1563	1.7347	0.9851
iya	1564	1.7347	1.0257
inch	1565	1.7347	1.0056
bronx	1566	1.7347	0.9428
preliminary	1567	1.7347	1.1741
menos	1568	1.7347	0.9642
zit	1569	1.7234	1.0660
saying	1570	1.7200	0.9174
tierra	1571	1.7200	1.0008
olvidar	1572	1.7200	0.8495
nena	1573	1.7200	0.8495
plaintiff	1574	1.7200	1.0400
ive	1575	1.7200	0.9600
sticky	1576	1.7200	1.0962
brick	1577	1.7200	0.8953
charges	1578	1.7200	1.0591
woe	1579	1.7200	1.1669
hm	1580	1.7200	1.0008
cage	1581	1.7200	1.0591
shift	1582	1.7200	1.0008
because	1583	1.7200	1.0008
bosnian	1584	1.7200	0.8953
noise	1585	1.7200	1.0400
adios	1586	1.7200	1.1669
o'connor	1587	1.7200	0.9174
wk	1588	1.7200	1.0008
uu	1589	1.7200	1.0591
comp	1590	1.7200	0.9389
meyer	1591	1.7200	1.1143
sylvia	1592	1.7200	0.9806
koch	1593	1.7200	1.2172
vietnam	1594	1.7143	1.0102
hide	1595	1.7143	1.0102
what	1596	1.7143	0.8571
dems	1597	1.7143	1.0498
jay-z	1598	1.7143	1.0302
sp	1599	1.7143	1.0690
todas	1600	1.7143	0.9476
af	1601	1.7143	1.0102
blunt	1602	1.7143	0.8571
puedo	1603	1.7000	0.9849
anxious	1604	1.7000	1.1000
stanley	1605	1.7000	0.9849
worn	1606	1.7000	0.9434
briefly	1607	1.7000	0.9434
screwed	1608	1.7000	1.1358
crawl	1609	1.7000	1.0050
sih	1610	1.7000	0.9220
pero	1611	1.7000	1.1180
depois	1612	1.7000	1.0247
vii	1613	1.7000	1.0050
ding	1614	1.7000	0.9644
ranging	1615	1.7000	1.0247
wana	1616	1.7000	0.9644
laced	1617	1.7000	0.8307
whack	1618	1.7000	1.0817
square	1619	1.7000	1.0247
bricks	1620	1.7000	0.9434
asi	1621	1.6939	0.9939
km/h	1622	1.6939	1.0537
whilst	1623	1.6939	0.9303
loose	1624	1.6939	1.0729
least	1625	1.6939	0.9081
esto	1626	1.6939	1.1465
kaufman	1627	1.6939	1.0918
durch	1628	1.6800	0.9887
maybe	1629	1.6800	0.9683
blast	1630	1.6800	1.0477
uma	1631	1.6800	1.1214
ripping	1632	1.6800	1.0666
conviction	1633	1.6800	1.0088
ang	1634	1.6800	0.9474
geht	1635	1.6800	0.9887
dry	1636	1.6800	1.0477
lang	1637	1.6800	1.0088
ie	1638	1.6800	1.0666
gordon	1639	1.6800	1.1214
jag	1640	1.6800	1.0088
burst	1641	1.6800	0.9474
old	1642	1.6800	1.0088
weapons	1643	1.6800	1.1565
stevie	1644	1.6800	1.0088
issue	1645	1.6800	1.0284
maureen	1646	1.6800	1.1214
monsters	1647	1.6800	1.1034
labour	1648	1.6800	0.9683
du	1649	1.6800	1.0852
3am	1650	1.6800	0.9261
ini	1651	1.6800	1.0284
msn	1652	1.6735	1.1137
disclosed	1653	1.6735	0.9559
mess	1654	1.6735	1.0378
holocaust	1655	1.6735	1.1137
seo	1656	1.6735	0.9977
minimum	1657	1.6735	0.9977
it'll	1658	1.6735	1.0180
period	1659	1.6735	0.9559
shawty	1660	1.6735	0.9122
youu	1661	1.6735	1.0180
assuming	1662	1.6667	0.9647
wait	1663	1.6667	0.9647
shaking	1664	1.6667	1.0069
seh	1665	1.6600	0.9510
blew	1666	1.6600	0.9080
nevertheless	1667	1.6600	0.9510
patient's	1668	1.6600	0.8857
fr	1669	1.6600	1.0698
algo	1670	1.6600	1.0121
require	1671	1.6600	0.9718
risk	1672	1.6600	1.0121
zijn	1673	1.6600	1.1065
overcast	1674	1.6600	0.8628
dread	1675	1.6600	1.0698
dammit	1676	1.6600	1.1245
pointed	1677	1.6600	0.9080
b-includes	1678	1.6600	1.1245
john's	1679	1.6600	1.0883
pr	1680	1.6600	1.1766
shyt	1681	1.6600	1.1065
kt	1682	1.6600	1.0698
ds	1683	1.6600	0.9922
coeur	1684	1.6600	0.9297
cave	1685	1.6600	0.9080
ruff	1686	1.6600	0.9080
's	1687	1.6531	0.9594
excuses	1688	1.6531	1.0010
reductions	1689	1.6531	1.0010
investigations	1690	1.6531	1.0410
aan	1691	1.6400	1.0538
dan	1692	1.6400	0.9952
baila	1693	1.6400	0.9749
hs	1694	1.6400	0.9749
kalo	1695	1.6400	0.8890
memphis	1696	1.6400	0.9330
jeg	1697	1.6400	0.8890
serbs	1698	1.6400	1.0151
ni	1699	1.6400	0.9330
dump	1700	1.6400	1.1271
harris	1701	1.6400	1.0911
pit	1702	1.6400	1.0151
knocks	1703	1.6400	0.8890
def	1704	1.6400	0.9952
despise	1705	1.6400	1.0911
bei	1706	1.6400	1.1092
rd	1707	1.6327	1.0241
muero	1708	1.6327	0.9190
atleast	1709	1.6327	0.8004
fazer	1710	1.6327	0.9624
rt	1711	1.6327	1.0241
regulators	1712	1.6250	0.9043
sai	1713	1.6200	1.0934
dependence	1714	1.6200	0.9141
removal	1715	1.6200	0.9357
cut	1716	1.6200	0.9141
sentenced	1717	1.6200	1.0176
obligation	1718	1.6200	0.8459
sgt	1719	1.6200	0.9775
pulling	1720	1.6200	0.9141
tuo	1721	1.6200	0.9357
han	1722	1.6200	0.9569
#tcot	1723	1.6200	0.9569
quel	1724	1.6200	0.9141
waan	1725	1.6200	0.8920
boa	1726	1.6200	1.0176
xm	1727	1.6200	0.9978
strife	1728	1.6122	0.9218
arafat	1729	1.6122	0.9436
bc	1730	1.6122	0.9218
temper	1731	1.6122	1.0462
closed	1732	1.6122	0.8993
lazy	1733	1.6122	1.1921
shack	1734	1.6122	0.9218
refused	1735	1.6042	1.0356
uptight	1736	1.6000	0.8944
shapiro	1737	1.6000	0.7746
nowhere	1738	1.6000	0.8718
shatter	1739	1.6000	1.0198
havent	1740	1.6000	0.8944
hungry	1741	1.6000	0.8944
sullivan	1742	1.6000	0.9165
mijn	1743	1.6000	1.0000
yur	1744	1.6000	1.0770
leon	1745	1.6000	0.9381
isnt	1746	1.6000	1.0000
hoe	1747	1.6000	1.0000
siento	1748	1.6000	0.8944
therefore	1749	1.6000	0.8000
kerry	1750	1.6000	0.9165
damn	1751	1.5918	0.9458
nee	1752	1.5918	1.0285
needles	1753	1.5918	0.9240
confrontation	1754	1.5918	0.9240
inevitable	1755	1.5918	0.9240
km	1756	1.5833	0.8375
graves	1757	1.5800	1.0216
scary	1758	1.5800	1.0600
barometer	1759	1.5800	0.8964
b/c	1760	1.5800	0.8964
voz	1761	1.5800	0.8738
a	1762	1.5800	0.8964
gtgt	1763	1.5800	0.9610
p	1764	1.5800	0.9816
10th	1765	1.5800	0.8738
lack	1766	1.5714	0.9689
nah	1767	1.5714	0.8081
pistol	1768	1.5714	1.0690
pac	1769	1.5714	0.9476
bom	1770	1.5714	0.9035
weg	1771	1.5714	0.8806
resistance	1772	1.5625	0.9769
erased	1773	1.5600	0.9625
allegations	1774	1.5600	0.8980
zeit	1775	1.5600	0.9625
tienes	1776	1.5600	1.0032
dum	1777	1.5600	0.8980
mean	1778	1.5600	0.8523
rotting	1779	1.5600	0.9831
mold	1780	1.5600	0.9415
retarded	1781	1.5600	1.1342
troubles	1782	1.5600	1.1164
ufc	1783	1.5510	1.0314
bin	1784	1.5510	0.7301
rowdy	1785	1.5510	0.8586
tijd	1786	1.5510	0.8586
nigga	1787	1.5510	0.9910
'em	1788	1.5417	0.7626
excuse	1789	1.5400	0.6989
ain't	1790	1.5400	0.8766
alleen	1791	1.5400	0.8297
fa	1792	1.5400	0.9211
mins	1793	1.5400	0.7539
sera	1794	1.5400	0.9425
violent	1795	1.5400	1.0993
stained	1796	1.5400	0.9841
smoking	1797	1.5400	1.0042
compelled	1798	1.5400	0.8766
exhausted	1799	1.5400	1.0993
roughly	1800	1.5400	0.9635
sum1	1801	1.5400	0.9841
messed	1802	1.5400	1.0239
wasting	1803	1.5400	1.0433
bugs	1804	1.5400	0.9841
loc	1805	1.5400	0.9425
abnormal	1806	1.5306	1.0518
deleted	1807	1.5306	0.8596
scattered	1808	1.5306	0.8107
nope	1809	1.5306	0.9281
monster	1810	1.5306	1.0518
consequence	1811	1.5306	0.8355
dizzy	1812	1.5306	0.9498
aching	1813	1.5200	1.0815
issues	1814	1.5200	0.9847
it	1815	1.5200	0.8998
criticized	1816	1.5200	0.9217
ml	1817	1.5200	0.9217
wasn	1818	1.5200	0.8304
offensive	1819	1.5200	0.9847
o	1820	1.5200	0.8542
vengeance	1821	1.5200	0.9432
nas	1822	1.5200	1.0048
questa	1823	1.5200	0.8998
mesmo	1824	1.5200	0.9217
tore	1825	1.5200	0.9432
brb	1826	1.5200	0.8998
although	1827	1.5200	0.8060
conn	1828	1.5200	0.8998
erase	1829	1.5200	0.8998
rob	1830	1.5200	0.9642
fooled	1831	1.5200	0.9642
strictly	1832	1.5200	0.8998
jus	1833	1.5200	0.8542
lls	1834	1.5102	1.0522
c'est	1835	1.5102	0.9502
darkened	1836	1.5102	0.9923
tus	1837	1.5102	0.8835
aint	1838	1.5000	0.8775
broke	1839	1.5000	0.8307
lu	1840	1.5000	0.7280
collide	1841	1.5000	0.9220
acid	1842	1.5000	0.9434
ich	1843	1.5000	0.7906
freakin	1844	1.5000	0.8775
wouldn	1845	1.5000	0.8062
mek	1846	1.5000	0.9220
lowest	1847	1.5000	0.8307
hw	1848	1.5000	0.8062
cemetery	1849	1.5000	1.0440
n	1850	1.5000	0.8775
cryin	1851	1.5000	0.9220
fatal	1852	1.4898	1.1088
hangover	1853	1.4898	0.9715
sho	1854	1.4898	0.7592
demanded	1855	1.4898	0.9063
sting	1856	1.4898	0.8360
forgetting	1857	1.4800	0.9847
or	1858	1.4800	0.8998
tremble	1859	1.4800	0.9217
penalties	1860	1.4800	0.9432
bombing	1861	1.4800	1.0628
ff	1862	1.4800	0.9432
locked	1863	1.4800	0.8304
tes	1864	1.4800	0.9217
ou	1865	1.4792	0.7068
burnin	1866	1.4694	0.8355
unlike	1867	1.4694	1.0322
motherfucker	1868	1.4694	1.0518
blades	1869	1.4600	0.8297
ending	1870	1.4600	0.8535
dying	1871	1.4600	1.0433
slap	1872	1.4600	0.9425
suck	1873	1.4600	0.8991
sinner	1874	1.4600	0.9425
didnt	1875	1.4600	0.7539
ayer	1876	1.4600	0.8535
sucks	1877	1.4600	0.8535
complex	1878	1.4600	0.7800
rags	1879	1.4600	0.8766
cant	1880	1.4600	0.7800
killin	1881	1.4600	1.0809
pleaded	1882	1.4600	0.8052
pollution	1883	1.4490	1.0114
syndrome	1884	1.4490	0.9272
fire	1885	1.4400	0.8980
llegar	1886	1.4400	0.8523
resigned	1887	1.4400	0.8754
savage	1888	1.4400	0.8285
bury	1889	1.4400	0.8523
pum	1890	1.4400	0.8523
difficult	1891	1.4286	0.6701
neither	1892	1.4286	0.6999
slipped	1893	1.4200	0.8506
tobacco	1894	1.4200	0.8738
smashed	1895	1.4200	0.9400
opposition	1896	1.4200	0.9185
mente	1897	1.4200	0.8964
widow	1898	1.4200	0.9400
nervous	1899	1.4200	0.8506
vas	1900	1.4200	0.7236
guilty	1901	1.4200	0.9816
ph	1902	1.4082	0.6676
wont	1903	1.4082	0.8061
torn	1904	1.4082	0.8310
disrespect	1905	1.4082	0.9881
infection	1906	1.4000	0.8944
ap	1907	1.4000	0.6928
ne	1908	1.4000	0.7211
desperation	1909	1.4000	0.8944
forgotten	1910	1.4000	0.8485
screamed	1911	1.4000	0.8485
fought	1912	1.3878	0.7777
blocked	1913	1.3800	0.7181
misidentified	1914	1.3800	0.7972
fake	1915	1.3800	0.8920
ruins	1916	1.3800	0.8459
hurts	1917	1.3800	1.0750
trapped	1918	1.3800	0.9141
isolated	1919	1.3800	0.7454
crooked	1920	1.3800	0.7181
insecure	1921	1.3800	0.9357
nothings	1922	1.3800	0.6600
crashing	1923	1.3800	0.8219
racial	1924	1.3800	0.6600
betray	1925	1.3673	0.8498
minus	1926	1.3600	0.6560
tortured	1927	1.3600	0.9330
fo	1928	1.3600	0.7419
violations	1929	1.3600	0.7684
oppose	1930	1.3600	0.7144
complaints	1931	1.3600	0.8890
lies	1932	1.3600	0.7940
asshole	1933	1.3600	0.8890
kijk	1934	1.3469	0.6866
resignation	1935	1.3469	0.7437
anti	1936	1.3469	0.7437
hate	1937	1.3400	0.9510
loneliness	1938	1.3400	0.8393
gore	1939	1.3400	0.7102
shiver	1940	1.3400	0.6815
liability	1941	1.3400	0.7378
tensions	1942	1.3400	0.7378
devil	1943	1.3265	0.9559
jail	1944	1.3265	1.0180
hurting	1945	1.3200	0.8818
saddened	1946	1.3200	0.8352
suspended	1947	1.3200	0.7859
recession	1948	1.3200	0.7332
poor's	1949	1.3200	0.6462
vuoi	1950	1.3200	0.7600
ihr	1951	1.3200	0.7600
av	1952	1.3200	0.7332
lonesome	1953	1.3200	0.7859
omitted	1954	1.3200	0.6765
negative	1955	1.3061	0.6454
argue	1956	1.3061	0.7614
suffering	1957	1.3061	0.7058
deadly	1958	1.3000	0.7550
poverty	1959	1.3000	0.7550
accused	1960	1.3000	0.7280
angry	1961	1.3000	0.9220
mad	1962	1.3000	0.9000
killer	1963	1.2857	0.7825
death	1964	1.2857	0.8806
tension	1965	1.2800	0.8010
burnt	1966	1.2800	0.6013
doesn't	1967	1.2800	0.5671
fraud	1968	1.2800	0.7756
w/	1969	1.2800	0.6940
surgery	1970	1.2800	0.7756
unfortunate	1971	1.2653	0.8024
depressed	1972	1.2600	0.7158
panic	1973	1.2600	0.6873
losing	1974	1.2600	0.6264
bleed	1975	1.2449	0.6556
torture	1976	1.2449	0.7431
dont	1977	1.2400	0.7088
blind	1978	1.2400	0.6184
hates	1979	1.2400	0.7088
une	1980	1.2400	0.6184
emergency	1981	1.2200	0.5758
no	1982	1.2041	0.5337
died	1983	1.2041	0.7554
prisoners	1984	1.2000	0.5292
wrong	1985	1.1837	0.4812
failure	1986	1.1800	0.6539
missing	1987	1.1667	0.4714
loss	1988	1.1633	0.5837
slaves	1989	1.1600	0.6119
losers	1990	1.1600	0.5783
anger	1991	1.1600	0.7031
guilt	1992	1.1600	0.7031
unemployment	1993	1.1400	0.5295
earthquake	1994	1.1400	0.5660
damages	1995	1.1250	0.5254
dislike	1996	1.1020	0.3639
sadness	1997	1.0800	0.3370
murdered	1998	1.0800	0.4400
war	1999	1.0408	0.2828
