death	0	4.6000	0.7483
died	1	4.2800	1.1143
war	2	4.2000	0.8944
murdered	3	4.1600	1.1377
torture	4	4.0408	1.3546
dying	5	3.9592	1.2447
sadness	6	3.9400	1.3625
fatal	7	3.9000	1.2042
depressed	8	3.8400	1.1552
bombing	9	3.8400	1.2548
failure	10	3.7800	1.0448
saddened	11	3.7400	1.2932
tortured	12	3.7200	1.1496
loss	13	3.6600	1.2265
suffering	14	3.6531	1.4077
hurts	15	3.6000	1.1489
unemployment	16	3.6000	1.3565
holocaust	17	3.5400	1.5390
hurting	18	3.5200	1.2205
jail	19	3.5000	1.3000
lonesome	20	3.4800	1.3600
killer	21	3.4200	1.3430
cryin	22	3.4000	1.5492
loneliness	23	3.3878	1.3220
missing	24	3.3400	1.2101
poverty	25	3.3000	1.4595
violent	26	3.3000	1.3601
slaves	27	3.3000	1.4866
recession	28	3.3000	1.2369
hates	29	3.2200	1.3898
damages	30	3.1800	1.0898
lies	31	3.1600	1.0072
hate	32	3.1400	1.2651
desperation	33	3.1400	1.3858
forgotten	34	3.1400	1.4001
isolated	35	3.1200	1.2592
troubles	36	3.1200	1.4511
unfortunate	37	3.1000	1.2530
killin	38	3.1000	1.5000
broke	39	3.0800	1.4811
betray	40	3.0800	1.3688
insecure	41	3.0625	1.2484
infection	42	3.0600	1.2395
defeated	43	3.0600	1.3177
losers	44	3.0400	1.2159
pollution	45	3.0200	1.4898
losing	46	3.0000	1.3401
retarded	47	3.0000	1.0770
fought	48	2.9800	1.1746
dislike	49	2.9800	1.0675
deadly	50	2.9600	1.3851
fraud	51	2.9600	1.2955
bitch	52	2.9200	1.3688
earthquake	53	2.9200	1.3977
bleed	54	2.9000	1.2207
trapped	55	2.8980	1.3438
resignation	56	2.8800	1.1600
motherfucker	57	2.8600	1.3713
widow	58	2.8600	1.4968
screwed	59	2.8600	1.2167
difficult	60	2.8600	1.0956
monster	61	2.8571	1.4142
negative	62	2.8400	1.3017
anger	63	2.8400	1.2548
cemetery	64	2.8400	1.4051
bury	65	2.8200	1.3519
surgery	66	2.8200	1.2914
hangover	67	2.8000	1.1314
aids	68	2.8000	1.4560
burnin	69	2.7800	1.4183
prisoners	70	2.7800	1.2376
violations	71	2.7800	1.2536
suspended	72	2.7600	1.3647
guilt	73	2.7600	1.3048
allegations	74	2.7347	1.1024
devil	75	2.7200	1.6975
accused	76	2.7200	1.1321
aching	77	2.7143	1.1780
sinner	78	2.7000	1.2845
blind	79	2.7000	1.3601
disrespect	80	2.7000	1.0817
angry	81	2.6939	1.2650
offensive	82	2.6800	1.2238
smoking	83	2.6800	1.3629
wrong	84	2.6800	1.2073
graves	85	2.6600	1.3507
mad	86	2.6600	1.1595
fooled	87	2.6600	1.3358
scary	88	2.6400	1.2769
dread	89	2.6400	1.4108
mean	90	2.6400	1.2769
mortality	91	2.6327	1.2729
mortal	92	2.6200	1.2789
gore	93	2.6200	1.3548
argue	94	2.6000	1.2490
woe	95	2.6000	1.4422
diagnosis	96	2.6000	1.0770
crashing	97	2.6000	1.3856
rotting	98	2.5918	1.2108
fake	99	2.5800	1.2343
whore	100	2.5800	1.3129
despise	101	2.5800	1.2015
hungry	102	2.5714	1.2936
tensions	103	2.5600	1.3588
anxious	104	2.5510	1.0702
wasting	105	2.5510	0.9910
criticized	106	2.5400	1.1698
slap	107	2.5400	1.2035
monsters	108	2.5400	1.3147
confrontation	109	2.5400	1.1526
nervous	110	2.5306	1.0899
rob	111	2.5306	1.4157
asshole	112	2.5306	1.1267
guilty	113	2.5306	0.9918
strife	114	2.5200	1.1873
penalties	115	2.5200	1.1703
omitted	116	2.5200	1.1703
no	117	2.5000	1.1874
vengeance	118	2.5000	1.2369
nigga	119	2.5000	1.3454
lack	120	2.4898	1.1450
vietnam	121	2.4800	1.5263
tension	122	2.4600	1.2363
blues	123	2.4600	1.2839
panic	124	2.4600	1.2682
temper	125	2.4400	1.2674
screamed	126	2.4400	1.4023
resigned	127	2.4200	1.2015
emergency	128	2.4200	1.2975
liability	129	2.4200	1.0410
blocked	130	2.4000	1.1662
tobacco	131	2.4000	1.5100
darkened	132	2.4000	1.2490
sucks	133	2.4000	1.0583
shatter	134	2.4000	1.1489
refused	135	2.3800	1.1814
stained	136	2.3800	1.1116
old	137	2.3800	1.1470
baghdad	138	2.3600	1.1621
fuckin	139	2.3600	1.3381
torn	140	2.3400	1.0698
lowest	141	2.3400	1.1421
consequence	142	2.3400	1.3055
sting	143	2.3400	1.1421
demanded	144	2.3265	1.2187
suck	145	2.3200	1.1214
stripped	146	2.3200	1.2400
smashed	147	2.3200	1.2073
deleted	148	2.3200	1.1737
opposition	149	2.3200	1.0477
erase	150	2.3200	1.1565
whack	151	2.3200	1.1214
fiend	152	2.3200	1.2560
burnt	153	2.3000	1.3000
ruins	154	2.3000	1.3000
sentenced	155	2.3000	1.3304
dammit	156	2.3000	1.1000
reductions	157	2.3000	1.2369
locked	158	2.2857	1.4142
erased	159	2.2600	1.1968
fire	160	2.2600	1.1629
exhausted	161	2.2600	1.1280
kick	162	2.2600	1.0735
mess	163	2.2400	1.1236
abnormal	164	2.2400	1.1236
syndrome	165	2.2400	1.2419
charges	166	2.2400	1.1586
age	167	2.2400	1.0500
slipped	168	2.2200	1.1539
cut	169	2.2200	1.2695
conviction	170	2.2200	1.2376
pistol	171	2.2200	1.2376
mold	172	2.2000	1.1136
pleaded	173	2.2000	0.9381
lazy	174	2.2000	1.0770
reducing	175	2.2000	1.2329
oppose	176	2.1800	1.0713
excuse	177	2.1600	0.9871
poor's	178	2.1600	1.2060
unlike	179	2.1400	1.2808
cage	180	2.1400	1.1491
misidentified	181	2.1200	1.1250
roughly	182	2.1200	1.2906
moan	183	2.1200	1.0703
needles	184	2.1200	1.1600
mother-in-law	185	2.1200	1.2592
tore	186	2.1020	1.0151
weapons	187	2.1020	1.1472
slam	188	2.1000	1.0817
collide	189	2.1000	1.2369
crush	190	2.1000	1.2369
rebels	191	2.1000	1.1000
excuses	192	2.1000	1.2042
bugs	193	2.1000	1.3748
veterans	194	2.1000	1.1705
emo	195	2.0816	1.1399
issues	196	2.0800	1.0361
forgetting	197	2.0800	1.0553
nope	198	2.0800	1.1634
complaints	199	2.0800	1.0741
tremble	200	2.0612	0.9127
crooked	201	2.0600	1.0471
memories	202	2.0600	1.1029
spent	203	2.0400	1.0763
risk	204	2.0400	1.1128
pirate	205	2.0400	1.1655
savage	206	2.0400	1.0947
closed	207	2.0400	1.0763
concerned	208	2.0400	1.0190
pirates	209	2.0204	1.1337
uptight	210	2.0200	1.1400
messed	211	2.0200	1.1223
ripped	212	2.0200	1.1044
weird	213	2.0200	0.9485
ending	214	2.0000	1.1136
blast	215	2.0000	1.2617
laws	216	2.0000	1.0770
overcast	217	2.0000	0.9897
compete	218	2.0000	1.0770
dependence	219	1.9800	0.9053
removal	220	1.9800	1.1044
taxpayers	221	1.9800	1.1223
busy	222	1.9800	0.9053
dump	223	1.9800	0.9693
shiver	224	1.9796	1.0398
defending	225	1.9600	1.0385
wah	226	1.9600	1.0385
inevitable	227	1.9600	1.1307
anti	228	1.9592	1.0490
depend	229	1.9400	1.0278
prosecutor	230	1.9400	1.1386
rowdy	231	1.9400	1.2555
news	232	1.9400	1.1029
rags	233	1.9400	1.0660
survivors	234	1.9400	0.9035
medical	235	1.9400	1.1732
fury	236	1.9388	1.1322
patient's	237	1.9388	1.2357
damn	238	1.9200	1.0167
blown	239	1.9200	1.2139
zit	240	1.9200	1.0553
strapped	241	1.9200	1.1461
boss	242	1.9200	0.8908
drinking	243	1.9200	1.1285
kickin	244	1.9200	1.1461
affairs	245	1.9000	1.1533
long	246	1.9000	1.0440
shaking	247	1.8980	1.0926
recalled	248	1.8980	1.0926
minus	249	1.8800	1.0515
slick	250	1.8800	1.1071
obligation	251	1.8800	0.9086
nah	252	1.8800	1.0127
burst	253	1.8800	1.0515
commercial	254	1.8800	1.2106
nothings	255	1.8800	1.0127
tangled	256	1.8800	1.0703
police	257	1.8776	1.0998
lawyers	258	1.8776	1.1363
financial	259	1.8776	1.1182
veteran	260	1.8600	1.1491
obsession	261	1.8600	0.8488
governments	262	1.8600	1.1491
corrected	263	1.8600	1.0585
mondays	264	1.8600	1.0585
finals	265	1.8600	1.0772
sensitivity	266	1.8600	0.9594
deserved	267	1.8600	1.2002
raining	268	1.8600	1.0585
servants	269	1.8600	1.0956
strictly	270	1.8600	1.0002
held	271	1.8571	1.0102
passing	272	1.8571	1.1606
freaky	273	1.8400	0.9871
wont	274	1.8400	1.0461
away	275	1.8400	1.0837
romeo	276	1.8400	1.1723
cant	277	1.8367	1.0945
distance	278	1.8367	1.0756
training	279	1.8200	1.0524
rush	280	1.8200	1.2278
nowhere	281	1.8200	0.9734
resistance	282	1.8200	0.8875
hunt	283	1.8200	0.8646
snatch	284	1.8200	0.8875
conclude	285	1.8200	1.0332
noise	286	1.8200	1.1080
racial	287	1.8200	1.1435
stiff	288	1.8163	1.0628
dont	289	1.8000	1.0770
negotiate	290	1.8000	1.1662
flames	291	1.8000	1.1136
govt	292	1.8000	1.0198
shakes	293	1.8000	1.0770
ass	294	1.8000	0.9165
chills	295	1.8000	0.9592
encounter	296	1.8000	1.2806
regulators	297	1.7917	0.9565
blizzard	298	1.7800	0.9652
stimulus	299	1.7800	1.0448
sticky	300	1.7800	1.0255
worn	301	1.7800	0.8553
feelings	302	1.7800	1.0824
acid	303	1.7800	1.1187
pit	304	1.7800	0.9652
warrior	305	1.7800	1.0448
jobs	306	1.7800	1.1712
dizzy	307	1.7800	1.0638
suitcase	308	1.7755	0.9952
immigrants	309	1.7600	0.9708
blades	310	1.7600	0.9069
prevented	311	1.7600	1.0874
limits	312	1.7600	1.0307
didnt	313	1.7600	0.9499
jews	314	1.7600	1.0688
blunt	315	1.7600	1.0874
rain	316	1.7551	0.8697
defensive	317	1.7551	0.9374
spending	318	1.7551	0.9590
hollywood	319	1.7551	1.0791
tied	320	1.7400	0.9759
legislators	321	1.7400	0.9962
loose	322	1.7400	1.1629
raw	323	1.7400	0.8440
thin	324	1.7400	0.8902
conservative	325	1.7400	0.9759
escape	326	1.7200	0.9389
sensation	327	1.7200	1.1143
fog	328	1.7200	0.8495
havent	329	1.7200	0.8953
naive	330	1.7200	0.9174
shawty	331	1.7200	1.0008
labour	332	1.7200	1.0008
diaries	333	1.7200	0.9174
swear	334	1.7200	0.9806
complex	335	1.7143	1.0690
morality	336	1.7143	1.0498
incidence	337	1.7000	0.9644
changes	338	1.7000	1.0050
hotter	339	1.7000	1.0247
seldom	340	1.7000	0.9000
admit	341	1.7000	1.0247
flights	342	1.7000	0.8775
ich	343	1.7000	0.9644
compare	344	1.7000	0.9849
judges	345	1.7000	1.0050
bronx	346	1.7000	0.9644
shy	347	1.7000	0.8775
shadow	348	1.6939	1.0729
flipped	349	1.6939	1.1642
least	350	1.6939	0.8853
freakin	351	1.6939	0.8620
amount	352	1.6939	1.0918
far	353	1.6800	1.0477
economist	354	1.6800	0.9683
sixty	355	1.6800	1.1214
father	356	1.6800	1.1214
plaintiff	357	1.6800	0.8352
trance	358	1.6800	1.0852
autumn	359	1.6800	0.9887
mask	360	1.6800	1.0088
louder	361	1.6800	1.0088
election	362	1.6800	1.0088
issue	363	1.6800	0.8818
ooo	364	1.6800	1.0477
wolves	365	1.6800	0.9683
melting	366	1.6800	0.9474
discipline	367	1.6800	0.9042
administration	368	1.6800	1.0088
former	369	1.6735	0.9343
hide	370	1.6600	0.9080
daddy	371	1.6600	1.1935
doesn't	372	1.6600	1.0121
ripping	373	1.6600	0.8628
minimum	374	1.6600	0.9922
pregnancy	375	1.6600	1.1065
doug	376	1.6600	1.0509
sweep	377	1.6600	0.8857
sympathetic	378	1.6600	0.9510
period	379	1.6600	0.9718
dang	380	1.6600	0.7902
diary	381	1.6600	1.0317
missy	382	1.6600	1.0509
adios	383	1.6600	0.8628
mit	384	1.6600	1.0509
media	385	1.6600	0.9297
assumptions	386	1.6531	0.8219
blew	387	1.6400	0.9541
pretax	388	1.6400	1.0151
partner	389	1.6400	0.9952
expression	390	1.6400	0.9330
carefully	391	1.6400	0.7940
forgiven	392	1.6400	0.9113
naked	393	1.6400	1.2290
scattered	394	1.6400	0.9749
editorials	395	1.6400	0.9330
mathematics	396	1.6400	1.1092
hottest	397	1.6400	1.0151
dum	398	1.6400	1.0346
wouldn	399	1.6400	0.8663
reflected	400	1.6400	1.0726
alien	401	1.6400	1.0151
dripping	402	1.6400	0.8890
rocky	403	1.6400	0.9749
3am	404	1.6400	0.9541
salvation	405	1.6327	1.0632
hardly	406	1.6327	1.0039
excess	407	1.6327	0.9624
nights	408	1.6200	1.0371
terrific	409	1.6200	1.1294
district	410	1.6200	1.0176
relatives	411	1.6200	1.1814
finite	412	1.6200	0.9775
tender	413	1.6200	0.8219
jewish	414	1.6200	1.1643
isnt	415	1.6200	1.0750
investigations	416	1.6200	0.8693
arlington	417	1.6200	0.9978
provision	418	1.6200	0.9141
appointment	419	1.6170	1.0222
years	420	1.6122	1.1215
israelis	421	1.6000	1.0583
by	422	1.6000	0.9592
rihanna	423	1.6000	0.8485
examined	424	1.6000	1.0198
reverse	425	1.6000	0.9798
command	426	1.6000	0.8944
someday	427	1.6000	0.8944
#quote	428	1.6000	1.0000
conquest	429	1.6000	0.9381
stretched	430	1.6000	0.8246
mystery	431	1.6000	1.0583
anyhow	432	1.6000	0.8944
neither	433	1.6000	0.8944
society	434	1.6000	0.9381
mouse	435	1.6000	0.9381
investigators	436	1.6000	1.0000
popped	437	1.5918	0.9240
compelled	438	1.5918	0.8061
disguise	439	1.5918	0.8552
tie	440	1.5918	0.9881
boundaries	441	1.5918	0.8787
investigating	442	1.5918	1.0085
certain	443	1.5918	0.9672
aint	444	1.5800	0.9400
newspaper	445	1.5800	0.9816
comin	446	1.5800	0.9400
whiskey	447	1.5800	0.8506
designated	448	1.5800	1.0216
jonathan	449	1.5800	1.0787
coal	450	1.5800	0.8964
serbian	451	1.5800	0.8738
composed	452	1.5800	0.8738
partnership	453	1.5800	0.9400
tattoo	454	1.5800	0.9816
temperature	455	1.5800	1.0410
manhattan	456	1.5800	0.9610
thrill	457	1.5800	1.0600
involvement	458	1.5800	1.0787
hoe	459	1.5800	0.8268
omg	460	1.5800	0.9610
thoughts	461	1.5800	0.9185
cave	462	1.5800	0.9610
memoir	463	1.5714	0.8571
shaggy	464	1.5714	0.7559
dating	465	1.5714	1.0102
athletic	466	1.5714	0.7825
business	467	1.5600	1.0032
millionaire	468	1.5600	1.0613
pardon	469	1.5600	0.9831
berlin	470	1.5600	0.9831
picks	471	1.5600	0.9625
dry	472	1.5600	0.8523
poems	473	1.5600	0.8754
biblical	474	1.5600	0.9831
priced	475	1.5600	0.9831
executives	476	1.5600	1.0229
classified	477	1.5600	0.8285
laced	478	1.5600	0.9831
riches	479	1.5600	0.9415
packing	480	1.5600	0.9415
shack	481	1.5600	0.8523
gran	482	1.5600	0.9200
fulfill	483	1.5600	0.8754
require	484	1.5510	0.9049
homie	485	1.5510	1.1260
cynthia	486	1.5510	0.9272
meh	487	1.5510	0.9489
cliff	488	1.5510	0.6408
alleen	489	1.5400	1.0042
arafat	490	1.5400	0.9211
reconstruction	491	1.5400	0.8052
grandfather	492	1.5400	1.0433
assuming	493	1.5400	0.8766
llegar	494	1.5400	0.9425
moscow	495	1.5400	0.8766
oooo	496	1.5400	0.9841
illusions	497	1.5400	0.8535
grandmother	498	1.5400	0.8297
story	499	1.5400	0.9635
tot	500	1.5400	0.9211
versus	501	1.5400	0.8766
bosnian	502	1.5400	1.0042
lust	503	1.5400	0.8297
funds	504	1.5400	0.8766
todas	505	1.5400	0.8991
huntington	506	1.5400	1.0433
gulf	507	1.5400	1.0433
care	508	1.5400	0.9635
votes	509	1.5306	0.9498
sane	510	1.5306	1.0122
times	511	1.5306	1.0322
molecules	512	1.5306	0.9711
males	513	1.5306	0.9498
led	514	1.5306	1.0122
absorption	515	1.5208	1.0605
substance	516	1.5200	0.9217
bubble	517	1.5200	1.0048
disclosed	518	1.5200	0.9847
maybe	519	1.5200	0.7808
dad	520	1.5200	1.0048
adopted	521	1.5200	0.7277
may	522	1.5200	0.8773
regardless	523	1.5200	0.8773
economists	524	1.5200	0.9217
average	525	1.5200	0.8773
embrace	526	1.5200	0.8542
series	527	1.5200	0.9432
studies	528	1.5200	0.9217
facts	529	1.5200	1.0048
diggin	530	1.5200	0.7808
voz	531	1.5200	1.0245
economics	532	1.5200	0.7808
interpreted	533	1.5200	0.9847
faith	534	1.5200	0.9432
hype	535	1.5200	0.8060
worlds	536	1.5200	0.8998
weeks	537	1.5200	0.9217
informal	538	1.5200	0.9217
principal	539	1.5200	1.0438
portion	540	1.5200	0.8998
phat	541	1.5200	0.9432
lobby	542	1.5200	0.9217
feeding	543	1.5200	0.9217
purchase	544	1.5200	1.0245
oakland	545	1.5200	0.9847
russian	546	1.5200	0.8998
reagan	547	1.5200	0.8542
organs	548	1.5200	0.7808
authorities	549	1.5200	0.8304
bruce	550	1.5102	1.0126
harlem	551	1.5102	0.8601
pronto	552	1.5102	0.8601
lagi	553	1.5102	0.9502
gf	554	1.5102	1.0126
rarely	555	1.5000	0.8062
ministry	556	1.5000	0.9000
hooked	557	1.5000	0.7550
physicians	558	1.5000	0.9434
1960s	559	1.5000	0.9849
sold	560	1.5000	0.8062
organ	561	1.5000	0.9849
fluid	562	1.5000	0.9000
wait	563	1.5000	0.7280
internal	564	1.5000	0.9000
brb	565	1.5000	0.8062
ritual	566	1.5000	0.7810
ou	567	1.5000	0.8062
common	568	1.5000	0.8307
sum1	569	1.5000	1.1000
anniversary	570	1.5000	1.0247
pa	571	1.5000	1.0050
lottery	572	1.5000	0.8775
portrait	573	1.5000	0.8775
rewind	574	1.5000	0.7280
theology	575	1.5000	0.8062
making	576	1.5000	0.8544
scripture	577	1.5000	0.8544
devotion	578	1.5000	0.8062
broadcasting	579	1.5000	0.7550
needs	580	1.5000	0.7280
flippin	581	1.5000	0.8775
mah	582	1.5000	0.7550
whispering	583	1.5000	0.9000
souls	584	1.5000	0.8544
brotha	585	1.4898	0.7592
chase	586	1.4898	0.8835
disclosure	587	1.4898	0.7592
secondary	588	1.4898	0.9063
phyllis	589	1.4898	0.9063
superior	590	1.4898	1.0326
spoken	591	1.4800	0.9432
ain't	592	1.4800	0.7547
bedtime	593	1.4800	0.9432
surrounding	594	1.4800	0.9432
grin	595	1.4800	0.8773
pull	596	1.4800	0.9432
snap	597	1.4800	0.9642
suggestions	598	1.4800	0.9432
stage	599	1.4800	1.0438
lessons	600	1.4800	1.0048
unit	601	1.4800	0.9217
frank	602	1.4800	0.8542
ohhhh	603	1.4800	0.9217
client	604	1.4800	0.9642
joint	605	1.4800	0.8060
pianist	606	1.4800	0.8542
advocate	607	1.4800	0.8542
ang	608	1.4800	0.8060
observer	609	1.4800	0.8998
valued	610	1.4800	0.8773
bank	611	1.4800	0.7808
puerto	612	1.4800	1.0048
mellow	613	1.4800	0.7547
oooooh	614	1.4800	0.9217
soul	615	1.4800	0.7808
raton	616	1.4800	0.8542
accounting	617	1.4800	0.9432
mike	618	1.4800	0.9432
dreams	619	1.4800	0.9432
manner	620	1.4800	1.0048
walsh	621	1.4800	0.9217
gas	622	1.4800	0.8304
ding	623	1.4800	0.6705
fur	624	1.4800	0.8542
80's	625	1.4800	0.8773
boa	626	1.4800	0.8998
koch	627	1.4800	0.9642
priests	628	1.4800	0.7547
gods	629	1.4800	1.0048
mccain	630	1.4694	0.8596
ethics	631	1.4694	0.7313
randomly	632	1.4694	0.7851
gardening	633	1.4694	0.8596
remark	634	1.4694	0.9918
volunteer	635	1.4694	0.9281
poetry	636	1.4694	0.8596
sono	637	1.4694	0.9711
worth	638	1.4694	0.8596
gentle	639	1.4600	1.0042
arthur	640	1.4600	0.7800
ph	641	1.4600	0.8052
etsy	642	1.4600	0.9425
nevertheless	643	1.4600	0.8535
tampa	644	1.4600	0.8766
want	645	1.4600	0.7269
soccer	646	1.4600	0.8766
wasn	647	1.4600	0.8766
realised	648	1.4600	0.8991
reputation	649	1.4600	0.8052
crossing	650	1.4600	0.8766
tank	651	1.4600	0.9841
atleast	652	1.4600	0.8297
vivo	653	1.4600	0.8766
android	654	1.4600	0.9841
mexican	655	1.4600	0.9635
reference	656	1.4600	0.7539
bear	657	1.4600	0.9211
travel	658	1.4600	1.0239
av	659	1.4600	0.9841
dawning	660	1.4600	0.8535
existence	661	1.4600	0.8991
hardcore	662	1.4600	0.7800
atoms	663	1.4600	1.0042
bom	664	1.4600	1.0042
pick	665	1.4600	0.8052
halfway	666	1.4600	0.7539
tower	667	1.4600	0.9211
desired	668	1.4600	0.9211
treated	669	1.4600	0.8052
civilians	670	1.4600	0.9211
siento	671	1.4600	0.9425
rookie	672	1.4600	0.8052
ruff	673	1.4600	0.8766
drew	674	1.4583	0.8888
priority	675	1.4583	0.9119
soldier	676	1.4490	0.8345
anche	677	1.4490	0.9049
foot	678	1.4490	0.8586
april	679	1.4490	0.8097
relationships	680	1.4490	0.9272
muslim	681	1.4490	0.8586
stays	682	1.4490	0.7841
sein	683	1.4490	0.8345
chancellor	684	1.4490	0.8586
seh	685	1.4400	0.8980
equations	686	1.4400	0.8285
flat	687	1.4400	0.6974
evidence	688	1.4400	0.7787
girlfriend	689	1.4400	0.9415
helen	690	1.4400	0.9415
surprisingly	691	1.4400	0.8285
chapels	692	1.4400	0.9831
milwaukee	693	1.4400	0.8980
muero	694	1.4400	1.0423
slim	695	1.4400	0.8980
left	696	1.4400	0.9415
investments	697	1.4400	0.8523
pets	698	1.4400	0.9415
diversity	699	1.4400	0.7787
could	700	1.4400	0.7526
hut	701	1.4400	0.7787
monetary	702	1.4400	0.8040
bit	703	1.4400	0.8523
vacation	704	1.4400	0.8754
brown	705	1.4400	0.7526
forest	706	1.4400	0.9831
farther	707	1.4400	0.7787
classes	708	1.4400	0.7526
moves	709	1.4400	0.9625
estimated	710	1.4400	0.7255
tyson	711	1.4400	0.8980
usually	712	1.4400	0.7787
nurses	713	1.4400	0.8040
briefly	714	1.4400	0.8285
dell	715	1.4400	0.8040
proposals	716	1.4400	0.8754
exchanges	717	1.4400	0.8980
audiences	718	1.4400	0.9831
wanted	719	1.4400	0.8285
machinery	720	1.4400	0.8285
five-year	721	1.4400	1.0229
stacks	722	1.4400	0.7787
theatrical	723	1.4400	0.7787
casa	724	1.4400	0.8523
phenomenon	725	1.4400	0.8285
december	726	1.4400	0.7787
momento	727	1.4400	0.8523
overseas	728	1.4400	0.8523
comp	729	1.4400	0.7255
shoe	730	1.4400	0.8523
10th	731	1.4400	0.7787
binding	732	1.4400	0.6681
power	733	1.4400	0.8040
joined	734	1.4400	0.8040
cole	735	1.4400	0.8285
summertime	736	1.4375	0.7612
jewels	737	1.4375	0.8393
tested	738	1.4286	0.8330
visitation	739	1.4286	0.7284
olvidar	740	1.4286	0.8330
effort	741	1.4286	0.8571
brick	742	1.4286	0.8806
wholly	743	1.4286	0.7559
jajaja	744	1.4286	0.9897
knight	745	1.4286	0.8571
swim	746	1.4286	0.9689
except	747	1.4286	0.8806
viva	748	1.4286	0.8806
waan	749	1.4286	0.9476
women	750	1.4286	0.7284
league	751	1.4286	0.9258
education	752	1.4200	0.8964
afford	753	1.4200	0.8022
dentro	754	1.4200	0.8268
beers	755	1.4200	0.8738
lullaby	756	1.4200	0.7507
poi	757	1.4200	0.8506
resulting	758	1.4200	0.7507
individual	759	1.4200	0.8268
customers	760	1.4200	0.8738
what	761	1.4200	0.8738
plane	762	1.4200	0.8268
specimens	763	1.4200	0.8022
starry	764	1.4200	0.7769
canon	765	1.4200	0.7769
manners	766	1.4200	0.8964
reviewer	767	1.4200	0.8738
advised	768	1.4200	0.7769
cover	769	1.4200	0.7236
apartment	770	1.4200	0.8964
amongst	771	1.4200	0.7507
pointed	772	1.4200	0.8268
germany	773	1.4200	0.6954
quality	774	1.4200	0.8022
pulling	775	1.4200	0.7236
sally	776	1.4200	0.8964
daughter-in-law	777	1.4200	0.9185
whenever	778	1.4200	0.6954
walkin	779	1.4200	0.8022
demi	780	1.4200	0.8964
bbq	781	1.4200	0.9185
selling	782	1.4200	0.7507
fo	783	1.4200	0.8506
hitherto	784	1.4200	0.6660
alma	785	1.4200	0.7769
vas	786	1.4200	0.8964
nhl	787	1.4200	0.9400
preserved	788	1.4200	0.8506
reform	789	1.4200	0.8022
stuffed	790	1.4200	0.7769
hindu	791	1.4200	0.9185
preliminary	792	1.4200	0.8506
overcome	793	1.4200	0.8268
apply	794	1.4200	0.9400
empire	795	1.4200	0.6954
rt	796	1.4200	0.8268
rehearsal	797	1.4200	0.8738
luna	798	1.4200	0.9185
row	799	1.4200	0.8506
lord	800	1.4200	0.8268
occupy	801	1.4200	0.6353
whether	802	1.4200	0.8738
vital	803	1.4200	0.7507
agree	804	1.4200	0.8964
dear	805	1.4200	0.9400
manuscript	806	1.4200	0.7769
bricks	807	1.4200	0.8738
youu	808	1.4200	1.0216
stars	809	1.4200	0.8964
issued	810	1.4200	0.7236
legend	811	1.4167	0.9317
ancient	812	1.4082	0.7537
civilization	813	1.4082	0.9017
drink	814	1.4082	0.8787
notion	815	1.4082	0.7537
serbs	816	1.4082	0.7803
grasp	817	1.4082	0.8552
mile	818	1.4082	0.8310
carried	819	1.4082	0.9240
succession	820	1.4082	0.9240
borne	821	1.4082	0.9240
hypnotized	822	1.4082	0.7537
freeway	823	1.4082	0.7261
probably	824	1.4082	0.8310
abstract	825	1.4082	0.8787
phone	826	1.4082	0.8787
hoping	827	1.4000	0.6633
carlos	828	1.4000	0.8485
persuade	829	1.4000	0.6928
youth	830	1.4000	0.7483
state's	831	1.4000	0.8718
fantasy	832	1.4000	0.7483
demonstration	833	1.4000	0.8246
carrier	834	1.4000	0.8485
cultural	835	1.4000	0.8485
academic	836	1.4000	0.7483
pin	837	1.4000	0.8000
grandsons	838	1.4000	0.8718
continuous	839	1.4000	0.8718
fix	840	1.4000	0.8485
contract	841	1.4000	0.6633
aides	842	1.4000	0.9798
beijing	843	1.4000	0.6633
jay	844	1.4000	0.8246
jeg	845	1.4000	0.7746
heed	846	1.4000	0.6633
costumes	847	1.4000	0.8000
somehow	848	1.4000	0.7211
cattle	849	1.4000	0.7483
button	850	1.4000	0.8000
apartments	851	1.4000	0.8000
sexual	852	1.4000	0.8485
nitrogen	853	1.4000	0.7746
vuoi	854	1.4000	0.8485
dems	855	1.4000	0.8944
roses	856	1.4000	0.8718
determination	857	1.4000	0.8000
ihr	858	1.4000	0.9592
drawers	859	1.4000	0.7746
ballin	860	1.4000	0.9165
ownership	861	1.4000	0.7211
finna	862	1.4000	0.8718
legacy	863	1.4000	0.6633
tan	864	1.4000	0.7746
shyt	865	1.4000	0.7211
chap	866	1.4000	0.8000
passages	867	1.4000	0.8485
outlets	868	1.4000	0.7746
adjustment	869	1.4000	0.7483
rear	870	1.4000	0.7211
nations	871	1.4000	0.8718
planned	872	1.4000	0.7211
boldface	873	1.4000	0.8000
turkish	874	1.4000	0.8000
piano	875	1.4000	0.7483
france	876	1.3878	0.7510
ridge	877	1.3878	0.8035
atl	878	1.3878	0.8764
current	879	1.3878	0.8528
jimmy	880	1.3878	0.8528
pac	881	1.3878	0.7777
century	882	1.3878	0.7777
position	883	1.3878	0.9650
sih	884	1.3878	0.8993
stepping	885	1.3878	0.9218
cornell	886	1.3878	0.9650
clergy	887	1.3878	0.6644
practice	888	1.3878	0.8764
liberation	889	1.3800	0.9141
saying	890	1.3800	0.7718
science	891	1.3800	0.7181
instant	892	1.3800	0.8920
annie	893	1.3800	0.9569
obtaining	894	1.3800	0.8693
soo	895	1.3800	0.7972
knees	896	1.3800	0.8920
link	897	1.3800	0.7972
mins	898	1.3800	0.8459
om	899	1.3800	0.7972
am	900	1.3800	0.7718
syracuse	901	1.3800	0.7718
umbrella	902	1.3800	0.7972
felt	903	1.3800	0.7454
chamber	904	1.3800	0.8693
whilst	905	1.3800	0.7454
biggest	906	1.3800	0.8920
doo	907	1.3800	0.5963
cia	908	1.3800	0.7718
occurs	909	1.3800	0.7454
irish	910	1.3800	0.8920
ayer	911	1.3800	0.8459
exclusive	912	1.3800	0.7972
scent	913	1.3800	0.8219
india	914	1.3800	0.8219
agricultural	915	1.3800	0.8219
stronger	916	1.3800	0.9357
powder	917	1.3800	0.7972
mist	918	1.3800	0.7181
bags	919	1.3800	0.7972
measures	920	1.3800	0.7454
pronounced	921	1.3800	0.9141
concepts	922	1.3800	0.8219
y'all	923	1.3800	0.7181
lmfao	924	1.3800	0.8693
heels	925	1.3800	0.7181
une	926	1.3800	0.8693
matrix	927	1.3800	0.9775
dre	928	1.3800	0.7454
hartford	929	1.3800	0.8219
because	930	1.3800	0.6896
checked	931	1.3800	0.7181
tendency	932	1.3800	0.7972
han	933	1.3800	0.9141
behold	934	1.3800	0.9357
animals	935	1.3800	0.8219
grammy	936	1.3800	0.7718
papa	937	1.3800	0.8920
same	938	1.3800	0.9141
tummy	939	1.3800	0.6896
wide	940	1.3800	1.0176
extend	941	1.3800	0.7454
fully	942	1.3800	0.7972
josh	943	1.3800	0.8693
pieces	944	1.3800	0.7181
bernstein	945	1.3800	0.8219
@theellenshow	946	1.3800	0.7454
supermarkets	947	1.3800	0.7972
aide	948	1.3800	0.7181
railway	949	1.3800	0.7181
contained	950	1.3800	0.8459
albert	951	1.3673	0.9410
reported	952	1.3673	0.7198
yah	953	1.3673	0.7744
rises	954	1.3673	0.7198
subjective	955	1.3673	0.6909
yields	956	1.3673	0.7476
progress	957	1.3673	0.9190
dice	958	1.3673	0.8735
organizational	959	1.3673	0.7476
premier	960	1.3673	0.7744
characterized	961	1.3673	0.7744
symbol	962	1.3673	0.8255
cincinnati	963	1.3673	0.7476
explore	964	1.3673	0.8735
clip	965	1.3673	0.6290
nova	966	1.3673	0.8255
amber	967	1.3673	0.9410
blogger	968	1.3673	0.8255
cuz	969	1.3673	0.7476
ecstasy	970	1.3673	0.7744
plain	971	1.3600	0.8188
ears	972	1.3600	0.8663
bass	973	1.3600	0.8890
collected	974	1.3600	0.6560
great-grandchildren	975	1.3600	0.7419
implementation	976	1.3600	0.6248
dmx	977	1.3600	0.7419
anglo	978	1.3600	0.6248
fam	979	1.3600	0.7419
verb	980	1.3600	0.6248
band	981	1.3600	0.7684
clue	982	1.3600	0.6859
aimed	983	1.3600	0.6560
antonio	984	1.3600	0.8429
bet	985	1.3600	0.5919
aid	986	1.3600	0.6859
description	987	1.3600	0.8890
increasingly	988	1.3600	0.7419
zeit	989	1.3600	0.7419
heights	990	1.3600	0.7419
ethical	991	1.3600	0.5571
frances	992	1.3600	0.8188
turner	993	1.3600	0.6560
organizations	994	1.3600	0.7940
holdin	995	1.3600	0.8429
custom	996	1.3600	0.6859
interview	997	1.3600	0.7144
evan	998	1.3600	0.8663
administered	999	1.3600	0.7144
vessel	1000	1.3600	0.7940
perceived	1001	1.3600	0.7684
sports	1002	1.3600	0.6248
relaxing	1003	1.3600	0.8663
john's	1004	1.3600	0.8429
praying	1005	1.3600	0.6560
exclusively	1006	1.3600	0.8188
flipmode	1007	1.3600	0.7419
situations	1008	1.3600	0.7144
fishing	1009	1.3600	0.6560
mack	1010	1.3600	0.7144
villages	1011	1.3600	0.8429
woot	1012	1.3600	0.7940
ira	1013	1.3600	0.7419
truth	1014	1.3600	0.7144
barney	1015	1.3600	0.8663
mc	1016	1.3600	0.8890
performed	1017	1.3600	0.8188
cinema	1018	1.3600	0.7144
global	1019	1.3600	0.7419
bist	1020	1.3600	0.7144
producers	1021	1.3600	0.9541
wright	1022	1.3600	0.5919
revenue	1023	1.3600	0.7144
wings	1024	1.3600	0.8429
kay	1025	1.3600	0.6560
forms	1026	1.3600	0.6859
begins	1027	1.3600	0.7684
endorsed	1028	1.3600	0.8188
democracy	1029	1.3600	0.7419
bath	1030	1.3600	0.7940
daughter	1031	1.3600	0.7419
anata	1032	1.3600	0.8429
conventional	1033	1.3600	0.6560
saving	1034	1.3600	0.8188
babes	1035	1.3600	0.7684
languages	1036	1.3600	0.6859
sustained	1037	1.3600	0.6859
tone	1038	1.3600	0.5919
presence	1039	1.3600	0.7144
jeanne	1040	1.3600	0.8188
talkin	1041	1.3600	0.7419
wagner	1042	1.3600	0.8429
horn	1043	1.3600	0.7940
expressions	1044	1.3600	0.6248
ocean	1045	1.3600	0.6560
footage	1046	1.3542	0.6288
somethin	1047	1.3542	0.7214
gary	1048	1.3542	0.9011
feeds	1049	1.3469	0.8219
investigate	1050	1.3469	0.5908
running	1051	1.3469	0.8219
forex	1052	1.3469	0.7707
wireless	1053	1.3469	0.9379
equality	1054	1.3469	0.6866
christmas	1055	1.3469	0.7437
engineers	1056	1.3469	0.7437
bid	1057	1.3469	0.7157
inches	1058	1.3400	0.7902
durch	1059	1.3400	0.8628
dan	1060	1.3400	0.7378
roam	1061	1.3400	0.7378
beatles	1062	1.3400	0.7902
gets	1063	1.3400	0.7378
dee	1064	1.3400	0.6815
pants	1065	1.3400	0.7645
cool	1066	1.3400	0.7378
appears	1067	1.3400	0.6200
anyway	1068	1.3400	0.7645
sentences	1069	1.3400	0.7378
we'll	1070	1.3400	0.7645
does	1071	1.3400	0.7902
kings	1072	1.3400	0.6200
uma	1073	1.3400	0.8628
branch	1074	1.3400	0.7645
philosophical	1075	1.3400	0.6815
palmer	1076	1.3400	0.7378
butter	1077	1.3400	0.7902
muy	1078	1.3400	0.6815
june	1079	1.3400	0.7902
accounts	1080	1.3400	0.7102
luckily	1081	1.3400	0.8393
ace	1082	1.3400	0.7645
bin	1083	1.3400	0.7378
flown	1084	1.3400	0.7102
barometer	1085	1.3400	0.9297
gordon	1086	1.3400	0.7378
doc	1087	1.3400	0.7102
frequency	1088	1.3400	0.8393
diamonds	1089	1.3400	0.6815
considerably	1090	1.3400	0.6815
chairwoman	1091	1.3400	0.7645
lick	1092	1.3400	0.6515
survey	1093	1.3400	0.8151
posterior	1094	1.3400	0.7902
giving	1095	1.3400	0.8151
assets	1096	1.3400	0.7902
sho	1097	1.3400	0.8393
journey	1098	1.3400	0.6515
cowboys	1099	1.3400	0.8151
topic	1100	1.3400	0.7645
antiques	1101	1.3400	0.6515
footsteps	1102	1.3400	0.6815
privately	1103	1.3400	0.7378
acts	1104	1.3400	0.7645
knocks	1105	1.3400	0.8628
fame	1106	1.3400	0.8151
valid	1107	1.3400	0.8628
timber	1108	1.3400	0.5869
question	1109	1.3400	0.7902
value	1110	1.3400	0.7902
maureen	1111	1.3400	0.8393
ellis	1112	1.3400	0.7102
pena	1113	1.3400	0.5869
nun	1114	1.3400	0.7645
dna	1115	1.3400	0.5869
belonging	1116	1.3400	0.7645
scales	1117	1.3400	0.5869
contigo	1118	1.3400	0.7902
protected	1119	1.3400	0.7645
springs	1120	1.3400	0.7902
graphics	1121	1.3400	0.7378
opens	1122	1.3400	0.7378
however	1123	1.3400	0.6515
ranging	1124	1.3400	0.8151
quel	1125	1.3400	0.6815
thousands	1126	1.3400	0.8151
involving	1127	1.3400	0.7378
friendship	1128	1.3400	0.7902
lay	1129	1.3400	0.6515
tus	1130	1.3400	0.8151
combo	1131	1.3400	0.7902
holy	1132	1.3400	0.7902
searched	1133	1.3400	0.6815
clause	1134	1.3400	0.7102
distinctive	1135	1.3400	0.8393
quien	1136	1.3400	0.8393
artists	1137	1.3400	0.6815
characteristics	1138	1.3400	0.8393
tract	1139	1.3400	0.8151
pum	1140	1.3400	0.7902
telling	1141	1.3400	0.6815
recording	1142	1.3400	0.7102
woah	1143	1.3333	0.6872
levels	1144	1.3333	0.6872
resolve	1145	1.3333	0.6236
newsstands	1146	1.3265	0.7663
idea	1147	1.3265	0.7392
wayne	1148	1.3265	0.8663
preface	1149	1.3265	0.5851
aesthetic	1150	1.3265	0.6511
wholesalers	1151	1.3265	0.8179
given	1152	1.3265	0.7925
roundup	1153	1.3265	0.7663
charter	1154	1.3265	0.8424
mysterious	1155	1.3265	0.7392
atm	1156	1.3265	0.6818
nov	1157	1.3265	0.7392
america's	1158	1.3265	0.7663
dates	1159	1.3265	0.6511
tomorrow's	1160	1.3265	0.8424
remind	1161	1.3265	0.7392
sensory	1162	1.3265	0.8179
neighborhood	1163	1.3265	0.6818
nicht	1164	1.3265	0.8663
traders	1165	1.3265	0.7111
existing	1166	1.3265	0.6190
proceed	1167	1.3265	0.8179
of	1168	1.3265	0.7663
signals	1169	1.3265	0.7663
technology	1170	1.3265	0.7392
traded	1171	1.3265	0.6511
earnings	1172	1.3265	0.7111
interpretation	1173	1.3265	0.7663
spaces	1174	1.3265	0.7663
2morrow	1175	1.3200	0.7859
handling	1176	1.3200	0.6145
european	1177	1.3200	0.6462
weighted	1178	1.3200	0.6145
affection	1179	1.3200	0.7600
coverage	1180	1.3200	0.7332
perception	1181	1.3200	0.8588
niente	1182	1.3200	0.7054
episcopal	1183	1.3200	0.7054
ufc	1184	1.3200	0.7332
asked	1185	1.3200	0.6462
owns	1186	1.3200	0.7600
connected	1187	1.3200	0.6145
visits	1188	1.3200	0.8109
herman	1189	1.3200	0.7600
junior	1190	1.3200	0.7332
atmosphere	1191	1.3200	0.6145
landing	1192	1.3200	0.6145
sort	1193	1.3200	0.6765
ap	1194	1.3200	0.7332
sec	1195	1.3200	0.9887
eye	1196	1.3200	0.7859
pls	1197	1.3200	0.7332
let's	1198	1.3200	0.7332
merchants	1199	1.3200	0.6145
civic	1200	1.3200	0.6765
transactions	1201	1.3200	0.7859
node	1202	1.3200	0.6462
earlier	1203	1.3200	0.7859
listening	1204	1.3200	0.7332
arrival	1205	1.3200	0.9042
infant	1206	1.3200	0.8109
ikea	1207	1.3200	0.8588
cm	1208	1.3200	0.7600
crop	1209	1.3200	0.6145
edinburgh	1210	1.3200	0.7332
mente	1211	1.3200	0.6765
recuerdo	1212	1.3200	0.7859
nearly	1213	1.3200	0.6145
applications	1214	1.3200	0.7332
alternatives	1215	1.3200	0.6145
boca	1216	1.3200	0.7054
collar	1217	1.3200	0.6765
therapeutic	1218	1.3200	0.7332
steppin	1219	1.3200	0.7054
yeah	1220	1.3200	0.6765
active	1221	1.3200	0.7859
reminded	1222	1.3200	0.7859
hw	1223	1.3200	0.7054
crawl	1224	1.3200	0.6462
zal	1225	1.3200	0.7054
linux	1226	1.3200	0.8109
guitars	1227	1.3200	0.7600
singapore	1228	1.3200	0.8818
lisa	1229	1.3200	0.7332
forward	1230	1.3200	0.7600
mmm	1231	1.3200	0.6765
booty	1232	1.3200	0.7054
solutions	1233	1.3200	0.7859
mumbai	1234	1.3200	0.5810
soap	1235	1.3200	0.7859
newest	1236	1.3200	0.6145
customs	1237	1.3200	0.6145
data	1238	1.3200	0.7859
always	1239	1.3200	0.7600
p	1240	1.3200	0.7332
immediate	1241	1.3200	0.7600
sip	1242	1.3200	0.7859
collections	1243	1.3200	0.7054
metal	1244	1.3200	0.8588
infinite	1245	1.3200	0.7600
fuera	1246	1.3200	0.7332
transaction	1247	1.3200	0.7859
arrow	1248	1.3200	0.6145
how's	1249	1.3061	0.7878
sox	1250	1.3061	0.7878
earning	1251	1.3061	0.7341
thursdays	1252	1.3061	0.7878
1960's	1253	1.3061	0.7614
declaration	1254	1.3061	0.6454
practical	1255	1.3061	0.7878
nena	1256	1.3061	0.7341
retweet	1257	1.3061	0.7614
agent	1258	1.3061	0.6762
filter	1259	1.3061	0.7058
bold	1260	1.3061	0.7341
calif	1261	1.3061	0.7614
directly	1262	1.3061	0.8133
presentation	1263	1.3061	0.6454
females	1264	1.3061	0.6129
menos	1265	1.3061	0.7614
shopping	1266	1.3061	0.6129
station	1267	1.3061	0.6454
manufacturing	1268	1.3061	0.5787
hier	1269	1.3000	0.7000
clerk	1270	1.3000	0.7000
corazon	1271	1.3000	0.7550
tierra	1272	1.3000	0.6083
timbaland	1273	1.3000	0.6083
producing	1274	1.3000	0.8307
fair	1275	1.3000	0.6403
williams	1276	1.3000	0.7550
happy	1277	1.3000	0.9220
nearest	1278	1.3000	0.8062
trend	1279	1.3000	0.7280
would	1280	1.3000	0.7810
entre	1281	1.3000	0.7000
all	1282	1.3000	0.7810
delaware	1283	1.3000	0.7280
nee	1284	1.3000	0.8062
faced	1285	1.3000	0.5385
learning	1286	1.3000	0.6083
tends	1287	1.3000	0.7550
gal	1288	1.3000	0.7550
cord	1289	1.3000	0.8544
holidays	1290	1.3000	0.6708
circulation	1291	1.3000	0.6708
baked	1292	1.3000	0.7550
buyer	1293	1.3000	0.6403
tanto	1294	1.3000	0.6708
let	1295	1.3000	0.6708
tho	1296	1.3000	0.5745
surprise	1297	1.3000	0.7810
ie	1298	1.3000	0.7810
finished	1299	1.3000	0.7550
grateful	1300	1.3000	0.8544
lip	1301	1.3000	0.7810
mesmo	1302	1.3000	0.7810
sgt	1303	1.3000	0.6403
optical	1304	1.3000	0.7550
miles	1305	1.3000	0.6708
quick	1306	1.3000	0.6403
smith	1307	1.3000	0.7550
i'll	1308	1.3000	0.6708
fazer	1309	1.3000	0.6403
download	1310	1.3000	0.6403
assigned	1311	1.3000	0.6083
eastside	1312	1.3000	0.7280
exhibition	1313	1.3000	0.7000
yellow	1314	1.3000	0.7550
he	1315	1.3000	0.8062
lateral	1316	1.3000	0.6083
role	1317	1.3000	0.6708
record	1318	1.3000	0.6708
princes	1319	1.3000	0.6708
brad	1320	1.3000	0.7810
rapid	1321	1.3000	0.6083
schneider	1322	1.3000	0.7550
photoshop	1323	1.3000	0.7280
us	1324	1.3000	0.7280
oliver	1325	1.3000	0.7810
everywhere	1326	1.3000	0.7550
maryland	1327	1.3000	0.7000
jay-z	1328	1.3000	0.7280
heritage	1329	1.3000	0.6403
supported	1330	1.3000	0.8062
dividends	1331	1.3000	0.7550
l	1332	1.3000	0.7810
agreed	1333	1.3000	0.7000
editions	1334	1.3000	0.9000
memo	1335	1.3000	0.8062
scott	1336	1.3000	0.7280
said	1337	1.3000	0.6708
stuff	1338	1.3000	0.6708
listenin	1339	1.3000	0.6403
halo	1340	1.3000	0.7280
keepin	1341	1.3000	0.8544
outdoor	1342	1.3000	0.7280
covering	1343	1.3000	0.7000
harriet	1344	1.3000	0.6708
theatre	1345	1.3000	0.7550
sculpture	1346	1.3000	0.6403
chillin	1347	1.3000	0.7550
empirical	1348	1.3000	0.6083
toy	1349	1.3000	0.7550
ah	1350	1.3000	0.6403
goals	1351	1.3000	0.7550
turn	1352	1.3000	0.6083
circular	1353	1.3000	0.7280
surrounds	1354	1.3000	0.8062
relax	1355	1.3000	0.6403
marvin	1356	1.3000	0.7280
satisfactory	1357	1.3000	0.7810
secure	1358	1.3000	0.7000
respectively	1359	1.3000	0.5745
o'neill	1360	1.3000	0.6708
driven	1361	1.3000	0.7810
tweeting	1362	1.3000	0.7280
majesty	1363	1.3000	0.7550
materials	1364	1.3000	0.6403
rocked	1365	1.3000	0.7000
secretary	1366	1.2857	0.7559
rolling	1367	1.2857	0.6999
di	1368	1.2857	0.6061
commerce	1369	1.2857	0.7284
conversation	1370	1.2857	0.8330
ne	1371	1.2857	0.6389
essence	1372	1.2857	0.6389
communities	1373	1.2857	0.7825
den	1374	1.2857	0.6701
bishops	1375	1.2857	0.6389
id	1376	1.2857	0.8081
cookies	1377	1.2857	0.8571
leven	1378	1.2857	0.6389
campaigns	1379	1.2857	0.6389
hahah	1380	1.2857	0.6701
dave	1381	1.2857	0.6701
amen	1382	1.2857	0.8081
waves	1383	1.2857	0.6999
#tcot	1384	1.2857	0.8081
attention	1385	1.2857	0.6061
sylvia	1386	1.2857	0.6389
taiwan	1387	1.2857	0.6701
requested	1388	1.2800	0.8495
people's	1389	1.2800	0.6940
msn	1390	1.2800	0.7222
comparison	1391	1.2800	0.6337
demonstrated	1392	1.2800	0.7494
garlic	1393	1.2800	0.6337
rd	1394	1.2800	0.7756
saves	1395	1.2800	0.6940
aan	1396	1.2800	0.6940
regards	1397	1.2800	0.6645
shapiro	1398	1.2800	0.6337
baila	1399	1.2800	0.6337
balls	1400	1.2800	0.7222
ml	1401	1.2800	0.6940
km/h	1402	1.2800	0.6940
popular	1403	1.2800	0.7222
private	1404	1.2800	0.5671
icon	1405	1.2800	0.6940
purchased	1406	1.2800	0.6337
kijk	1407	1.2800	0.6940
o	1408	1.2800	0.6940
bloom	1409	1.2800	0.7222
cake	1410	1.2800	0.7222
brian	1411	1.2800	0.7494
mister	1412	1.2800	0.7222
intelligence	1413	1.2800	0.7756
turned	1414	1.2800	0.5671
massage	1415	1.2800	0.7494
towards	1416	1.2800	0.5671
passage	1417	1.2800	0.6940
photograph	1418	1.2800	0.6013
peggy	1419	1.2800	0.6645
treasure	1420	1.2800	0.8010
civil	1421	1.2800	0.6013
painting	1422	1.2800	0.7494
c'est	1423	1.2800	0.7494
adam	1424	1.2800	0.6013
jag	1425	1.2800	0.6337
nog	1426	1.2800	0.6337
fits	1427	1.2800	0.6337
word	1428	1.2800	0.8256
will	1429	1.2800	0.6940
moms	1430	1.2800	0.7222
understands	1431	1.2800	0.7222
blonde	1432	1.2800	0.6337
think	1433	1.2800	0.5307
sciences	1434	1.2800	0.6645
references	1435	1.2800	0.6337
sherman	1436	1.2800	0.5671
although	1437	1.2800	0.6645
19th	1438	1.2800	0.6645
entrance	1439	1.2800	0.6013
kevin	1440	1.2800	0.6013
shift	1441	1.2800	0.6013
stevie	1442	1.2800	0.7494
gtgt	1443	1.2800	0.6337
properties	1444	1.2800	0.6337
inventory	1445	1.2800	0.6013
milton	1446	1.2800	0.7494
candles	1447	1.2800	0.5671
geographical	1448	1.2800	0.7494
co-op	1449	1.2800	0.7756
she	1450	1.2800	0.6645
donna	1451	1.2800	0.6645
observation	1452	1.2800	0.4915
ole	1453	1.2800	0.5671
ties	1454	1.2800	0.6013
alison	1455	1.2800	0.6645
landscape	1456	1.2800	0.6013
bridge	1457	1.2800	0.6645
speakers	1458	1.2800	0.7756
remainder	1459	1.2800	0.4915
prince	1460	1.2800	0.6013
orange	1461	1.2800	0.6940
kt	1462	1.2800	0.6337
conn	1463	1.2800	0.6337
w/	1464	1.2800	0.7222
filled	1465	1.2800	0.7494
glue	1466	1.2800	0.6645
toss	1467	1.2800	0.5671
privilege	1468	1.2800	0.6013
sippin	1469	1.2800	0.6337
sheep	1470	1.2800	0.6013
wana	1471	1.2800	0.8256
miami	1472	1.2800	0.7222
hat	1473	1.2800	0.8256
cambridge	1474	1.2800	0.7222
kaufman	1475	1.2800	0.7222
processing	1476	1.2800	0.7494
fitted	1477	1.2800	0.6337
hawaii	1478	1.2800	0.8010
einen	1479	1.2800	0.6013
hs	1480	1.2708	0.6034
lead	1481	1.2653	0.8024
curtains	1482	1.2653	0.7221
coupon	1483	1.2653	0.6933
mechanical	1484	1.2653	0.6317
sets	1485	1.2653	0.7766
zone	1486	1.2653	0.6317
gucci	1487	1.2653	0.5985
motor	1488	1.2653	0.5634
appointed	1489	1.2653	0.6632
connect	1490	1.2653	0.6933
resort	1491	1.2653	0.8024
vii	1492	1.2653	0.6317
came	1493	1.2653	0.7498
land	1494	1.2653	0.6933
friend	1495	1.2600	0.6873
sai	1496	1.2600	0.5936
vocals	1497	1.2600	0.6873
u	1498	1.2600	0.6576
agents	1499	1.2600	0.6264
hello	1500	1.2600	0.7697
professionals	1501	1.2600	0.5219
desires	1502	1.2600	0.5589
it'd	1503	1.2600	0.7697
countries	1504	1.2600	0.5219
chairman	1505	1.2600	0.6264
benz	1506	1.2600	0.7432
inch	1507	1.2600	0.6576
accordingly	1508	1.2600	0.6873
paid	1509	1.2600	0.6873
ball	1510	1.2600	0.7158
bro	1511	1.2600	0.5589
hispanic	1512	1.2600	0.5936
developers	1513	1.2600	0.6873
nas	1514	1.2600	0.6264
originally	1515	1.2600	0.5936
eight	1516	1.2600	0.5936
katie	1517	1.2600	0.7952
drive	1518	1.2600	0.6264
flying	1519	1.2600	0.7158
or	1520	1.2600	0.6873
understood	1521	1.2600	0.6264
memphis	1522	1.2600	0.7432
geht	1523	1.2600	0.5589
lang	1524	1.2600	0.7158
billy	1525	1.2600	0.7158
agreement	1526	1.2600	0.6873
sarah	1527	1.2600	0.6873
essential	1528	1.2600	0.6873
acres	1529	1.2600	0.6873
himself	1530	1.2600	0.7158
exhibit	1531	1.2600	0.6576
espn	1532	1.2600	0.7158
letting	1533	1.2600	0.7158
globe	1534	1.2600	0.6576
arnold	1535	1.2600	0.7158
tha	1536	1.2600	0.7697
scholarship	1537	1.2600	0.6264
still	1538	1.2600	0.7432
marcus	1539	1.2600	0.5936
tall	1540	1.2600	0.6576
film	1541	1.2600	0.5936
showing	1542	1.2600	0.7432
ray	1543	1.2600	0.6264
fitness	1544	1.2600	0.5219
varying	1545	1.2600	0.5589
dozens	1546	1.2600	0.6576
bobby	1547	1.2600	0.7432
woman	1548	1.2600	0.6576
any	1549	1.2600	0.4821
wonders	1550	1.2600	0.7432
san	1551	1.2600	0.6873
sodium	1552	1.2600	0.6264
wii	1553	1.2600	0.7158
sent	1554	1.2600	0.5936
respect	1555	1.2600	0.5936
cultivated	1556	1.2600	0.6576
region	1557	1.2600	0.7432
bulletin	1558	1.2600	0.5936
gen	1559	1.2600	0.6576
whole	1560	1.2600	0.5219
density	1561	1.2600	0.5219
9pm	1562	1.2600	0.6873
expansion	1563	1.2600	0.6873
number	1564	1.2600	0.7697
square	1565	1.2600	0.6576
star	1566	1.2600	0.6873
influences	1567	1.2600	0.5589
gud	1568	1.2600	0.7697
mathematical	1569	1.2600	0.5589
latin	1570	1.2600	0.6873
weg	1571	1.2600	0.5589
exact	1572	1.2600	0.5936
kerry	1573	1.2600	0.7158
ounce	1574	1.2500	0.6614
feature	1575	1.2500	0.6614
easter	1576	1.2449	0.7431
tasting	1577	1.2449	0.7431
iya	1578	1.2449	0.6860
federation	1579	1.2449	0.5544
tyler	1580	1.2449	0.6237
volume	1581	1.2449	0.6860
somebody	1582	1.2449	0.5901
lu	1583	1.2449	0.7152
tokyo	1584	1.2449	0.7701
jenny	1585	1.2449	0.5901
stamford	1586	1.2449	0.5901
emerged	1587	1.2449	0.6237
af	1588	1.2449	0.5544
sincere	1589	1.2449	0.5163
gracias	1590	1.2449	0.6860
halloween	1591	1.2449	0.5901
@donniewahlberg	1592	1.2449	0.6860
necessarily	1593	1.2400	0.7088
whereas	1594	1.2400	0.5499
it	1595	1.2400	0.7088
=d	1596	1.2400	0.7632
flag	1597	1.2400	0.5851
fresh	1598	1.2400	0.7365
sera	1599	1.2400	0.5851
rogers	1600	1.2400	0.6800
ty	1601	1.2400	0.6499
angeles	1602	1.2400	0.5851
possibly	1603	1.2400	0.6800
doors	1604	1.2400	0.7088
developments	1605	1.2400	0.5499
governor's	1606	1.2400	0.7088
hero	1607	1.2400	0.6184
athletes	1608	1.2400	0.5499
twin	1609	1.2400	0.6800
interior	1610	1.2400	0.6800
greene	1611	1.2400	0.6499
definite	1612	1.2400	0.6800
fave	1613	1.2400	0.6499
wrapped	1614	1.2400	0.6184
spray	1615	1.2400	0.5499
#letsbehonest	1616	1.2400	0.5499
play	1617	1.2400	0.6800
profile	1618	1.2400	0.5851
deeds	1619	1.2400	0.6499
aware	1620	1.2400	0.5499
england	1621	1.2400	0.5851
rubin	1622	1.2400	0.5122
soil	1623	1.2400	0.5499
ni	1624	1.2400	0.6184
leo	1625	1.2400	0.5851
fly	1626	1.2400	0.5122
seventeenth	1627	1.2400	0.6499
looked	1628	1.2400	0.5122
columns	1629	1.2400	0.5851
approaching	1630	1.2400	0.5499
loc	1631	1.2400	0.6800
shes	1632	1.2400	0.6184
voices	1633	1.2400	0.5851
broader	1634	1.2400	0.5499
sullivan	1635	1.2400	0.6499
depois	1636	1.2400	0.7088
tire	1637	1.2400	0.5499
pose	1638	1.2400	0.4716
consciousness	1639	1.2400	0.6184
yur	1640	1.2400	0.5499
lime	1641	1.2400	0.5499
wk	1642	1.2400	0.5122
right	1643	1.2400	0.6800
decent	1644	1.2400	0.7632
tag	1645	1.2400	0.6499
57th	1646	1.2400	0.6499
garcia	1647	1.2400	0.6184
4-bedroom	1648	1.2400	0.7365
hip	1649	1.2400	0.6184
track	1650	1.2400	0.5851
hamilton	1651	1.2400	0.7088
broad	1652	1.2400	0.5499
upward	1653	1.2400	0.5499
bell	1654	1.2400	0.6499
substantial	1655	1.2400	0.5499
flavor	1656	1.2400	0.6184
sufficiently	1657	1.2400	0.5499
ideal	1658	1.2400	0.7088
gradually	1659	1.2400	0.5499
ones	1660	1.2400	0.6184
jus	1661	1.2400	0.7088
backyard	1662	1.2292	0.6532
like	1663	1.2245	0.6150
talking	1664	1.2245	0.5057
across	1665	1.2245	0.6781
theater	1666	1.2245	0.5808
arts	1667	1.2245	0.5057
asking	1668	1.2245	0.5057
book	1669	1.2245	0.7075
signal	1670	1.2245	0.6781
glory	1671	1.2245	0.5808
activities	1672	1.2245	0.5808
hes	1673	1.2245	0.5808
ways	1674	1.2245	0.5808
mijn	1675	1.2245	0.6473
water	1676	1.2200	0.6096
olympic	1677	1.2200	0.6416
thursday	1678	1.2200	0.5400
defined	1679	1.2200	0.5016
niece	1680	1.2200	0.5758
skill	1681	1.2200	0.7011
preparations	1682	1.2200	0.6096
explains	1683	1.2200	0.5016
referred	1684	1.2200	0.5758
stanley	1685	1.2200	0.5758
options	1686	1.2200	0.5016
homeboy	1687	1.2200	0.5016
light	1688	1.2200	0.5400
ebook	1689	1.2200	0.5400
neutral	1690	1.2200	0.7011
sponsored	1691	1.2200	0.6416
positions	1692	1.2200	0.7560
cookie	1693	1.2200	0.5758
bc	1694	1.2200	0.5016
b-includes	1695	1.2200	0.6096
pilot	1696	1.2200	0.6720
wins	1697	1.2200	0.7011
tweetdeck	1698	1.2200	0.5016
doorway	1699	1.2200	0.5758
islanders	1700	1.2200	0.6416
we'd	1701	1.2200	0.6096
sean	1702	1.2200	0.6416
pumpkin	1703	1.2200	0.7291
placing	1704	1.2200	0.4600
units	1705	1.2200	0.6096
product	1706	1.2200	0.5758
sofa	1707	1.2200	0.5758
lah	1708	1.2200	0.6720
device	1709	1.2200	0.6416
sending	1710	1.2200	0.6096
franklin	1711	1.2200	0.5400
themselves	1712	1.2200	0.5400
supplied	1713	1.2200	0.5758
jar	1714	1.2200	0.7011
evening	1715	1.2200	0.5758
treat	1716	1.2200	0.6096
ron	1717	1.2200	0.5400
carnival	1718	1.2200	0.5400
essentially	1719	1.2200	0.5400
wheel	1720	1.2200	0.5400
amazon	1721	1.2200	0.5400
certainty	1722	1.2200	0.6096
paul	1723	1.2200	0.6096
statement	1724	1.2200	0.5400
sovereign	1725	1.2200	0.5016
du	1726	1.2200	0.6096
bedroom	1727	1.2200	0.5400
pro	1728	1.2200	0.5758
such	1729	1.2200	0.5400
bei	1730	1.2200	0.5016
hah	1731	1.2200	0.5400
tes	1732	1.2200	0.6096
drivin	1733	1.2200	0.6096
beans	1734	1.2200	0.5400
per	1735	1.2200	0.5758
clearer	1736	1.2200	0.6416
obtained	1737	1.2041	0.4508
fa	1738	1.2041	0.5707
o'brien	1739	1.2041	0.5707
climbing	1740	1.2041	0.4508
seo	1741	1.2041	0.5337
celebrate	1742	1.2041	0.6054
questa	1743	1.2041	0.6694
gots	1744	1.2041	0.6694
hm	1745	1.2041	0.4940
woo	1746	1.2041	0.5707
circle	1747	1.2041	0.6993
van	1748	1.2041	0.4940
gates	1749	1.2041	0.4508
ds	1750	1.2041	0.4940
blessings	1751	1.2000	0.5292
amsterdam	1752	1.2000	0.5657
walking	1753	1.2000	0.5292
denver	1754	1.2000	0.4472
missouri	1755	1.2000	0.4899
bff	1756	1.2000	0.5292
strong	1757	1.2000	0.5292
lls	1758	1.2000	0.6000
hearing	1759	1.2000	0.4899
foundation	1760	1.2000	0.6325
b-day	1761	1.2000	0.6633
follows	1762	1.2000	0.5657
fav	1763	1.2000	0.5292
combinations	1764	1.2000	0.5292
tale	1765	1.2000	0.4472
states	1766	1.2000	0.6000
widely	1767	1.2000	0.4899
zijn	1768	1.2000	0.6000
sections	1769	1.2000	0.5292
car	1770	1.2000	0.5657
kind	1771	1.2000	0.6325
capacity	1772	1.2000	0.4899
har	1773	1.2000	0.6000
stroll	1774	1.2000	0.5657
haircut	1775	1.2000	0.5657
ojos	1776	1.2000	0.4899
big	1777	1.2000	0.5292
feliz	1778	1.2000	0.6325
mm	1779	1.2000	0.4899
brilliant	1780	1.2000	0.5657
harris	1781	1.2000	0.6633
polish	1782	1.2000	0.6000
qualities	1783	1.2000	0.5657
tijd	1784	1.2000	0.5657
tea	1785	1.2000	0.5657
albums	1786	1.2000	0.5657
varieties	1787	1.2000	0.5657
dass	1788	1.2000	0.5657
resolved	1789	1.2000	0.4899
acceptance	1790	1.2000	0.5657
def	1791	1.2000	0.5657
mek	1792	1.2000	0.6325
dot	1793	1.2000	0.6000
ok	1794	1.2000	0.4472
famous	1795	1.2000	0.4899
members	1796	1.2000	0.5292
vancouver	1797	1.2000	0.5292
esther	1798	1.2000	0.6633
allow	1799	1.2000	0.4899
pero	1800	1.2000	0.5657
o'connor	1801	1.2000	0.4899
km	1802	1.2000	0.4899
cent	1803	1.2000	0.5292
'em	1804	1.2000	0.6325
ff	1805	1.2000	0.6928
parts	1806	1.2000	0.4899
alaska	1807	1.2000	0.5657
lawn	1808	1.2000	0.5292
laughter	1809	1.2000	0.6633
dressed	1810	1.2000	0.6325
screenplay	1811	1.2000	0.5292
therefore	1812	1.2000	0.5292
bat	1813	1.2000	0.6633
vida	1814	1.1875	0.5266
models	1815	1.1837	0.4368
path	1816	1.1837	0.5219
fr	1817	1.1837	0.5596
solution	1818	1.1837	0.5219
their	1819	1.1837	0.5596
latest	1820	1.1837	0.5219
corn	1821	1.1837	0.4812
tuo	1822	1.1837	0.6600
sp	1823	1.1837	0.5950
mount	1824	1.1837	0.4812
uu	1825	1.1837	0.5219
new	1826	1.1837	0.6600
kissed	1827	1.1837	0.4368
mineral	1828	1.1837	0.4368
lg	1829	1.1800	0.4771
puedo	1830	1.1800	0.4331
aspects	1831	1.1800	0.4331
generated	1832	1.1800	0.4771
specialized	1833	1.1800	0.5173
investor	1834	1.1800	0.4771
perfume	1835	1.1800	0.5546
north	1836	1.1800	0.4331
algo	1837	1.1800	0.5173
wonderful	1838	1.1800	0.6539
schon	1839	1.1800	0.5546
amp	1840	1.1800	0.3842
jesse	1841	1.1800	0.4771
ive	1842	1.1800	0.5173
dj	1843	1.1800	0.5173
theaters	1844	1.1800	0.5173
state	1845	1.1800	0.5546
suite	1846	1.1800	0.5173
featured	1847	1.1800	0.4771
abc	1848	1.1800	0.5546
's	1849	1.1800	0.5173
shape	1850	1.1800	0.5173
atlantic	1851	1.1800	0.4771
johnson	1852	1.1800	0.5173
dine	1853	1.1800	0.4771
jefferson	1854	1.1800	0.5546
makers	1855	1.1800	0.5546
surface	1856	1.1800	0.5546
fact	1857	1.1800	0.4331
northeast	1858	1.1800	0.5173
central	1859	1.1800	0.4771
candy	1860	1.1800	0.5896
related	1861	1.1800	0.4331
update	1862	1.1800	0.4331
salad	1863	1.1800	0.6539
promotion	1864	1.1800	0.4771
equally	1865	1.1800	0.4771
dozen	1866	1.1800	0.5546
coeur	1867	1.1800	0.4771
cutie	1868	1.1800	0.5896
circles	1869	1.1800	0.3842
dining	1870	1.1800	0.3842
dude	1871	1.1633	0.6499
leaf	1872	1.1633	0.5837
plains	1873	1.1633	0.4672
versions	1874	1.1633	0.5476
gloria	1875	1.1633	0.5090
hallelujah	1876	1.1633	0.4672
ya	1877	1.1633	0.4212
breast	1878	1.1633	0.5090
skills	1879	1.1600	0.5044
reaching	1880	1.1600	0.5044
dance	1881	1.1600	0.5044
national	1882	1.1600	0.4630
covered	1883	1.1600	0.4176
skirt	1884	1.1600	0.4176
fruit	1885	1.1600	0.4630
jokes	1886	1.1600	0.5783
colour	1887	1.1600	0.4630
arizona	1888	1.1600	0.5426
tienes	1889	1.1600	0.4176
potatoes	1890	1.1600	0.5783
proteins	1891	1.1600	0.4176
mobile	1892	1.1600	0.4630
gps	1893	1.1600	0.4176
beings	1894	1.1600	0.4630
pr	1895	1.1600	0.4630
dynamic	1896	1.1600	0.4630
pleasant	1897	1.1600	0.5044
esto	1898	1.1600	0.4630
premiere	1899	1.1600	0.5044
tasty	1900	1.1600	0.4630
united	1901	1.1600	0.5044
a	1902	1.1600	0.5044
silk	1903	1.1600	0.6119
laura	1904	1.1600	0.4630
singer	1905	1.1600	0.3666
shoes	1906	1.1600	0.4630
faster	1907	1.1600	0.5044
daniel	1908	1.1600	0.4630
hai	1909	1.1600	0.5426
turns	1910	1.1600	0.4176
glowing	1911	1.1600	0.5044
banana	1912	1.1600	0.4630
meyer	1913	1.1600	0.5044
xm	1914	1.1600	0.5426
construct	1915	1.1600	0.4630
sharon	1916	1.1600	0.5426
mix	1917	1.1600	0.5044
goes	1918	1.1600	0.5044
guiding	1919	1.1600	0.5426
entry	1920	1.1429	0.4518
balanced	1921	1.1429	0.4518
pamela	1922	1.1429	0.4949
gives	1923	1.1429	0.5345
'i	1924	1.1429	0.6389
asi	1925	1.1400	0.4005
online	1926	1.1400	0.4005
kalo	1927	1.1400	0.4477
stuart	1928	1.1400	0.4005
party's	1929	1.1400	0.3470
inspired	1930	1.1400	0.4903
cheese	1931	1.1400	0.4477
protein	1932	1.1400	0.4005
it'll	1933	1.1400	0.4477
samples	1934	1.1400	0.4005
bright	1935	1.1400	0.4903
shop	1936	1.1400	0.3470
smart	1937	1.1400	0.5295
streams	1938	1.1400	0.4005
handsome	1939	1.1400	0.6003
patricia	1940	1.1400	0.4005
hrs	1941	1.1400	0.4477
gate	1942	1.1400	0.4903
ours	1943	1.1400	0.4477
ac	1944	1.1400	0.4005
perfectly	1945	1.1400	0.5295
facilities	1946	1.1400	0.5295
registered	1947	1.1400	0.4005
road	1948	1.1400	0.4005
fm	1949	1.1400	0.4477
rides	1950	1.1400	0.4005
lit	1951	1.1400	0.6003
style	1952	1.1250	0.3307
we're	1953	1.1224	0.3851
dictionary	1954	1.1224	0.3851
sailor	1955	1.1200	0.3816
lots	1956	1.1200	0.3816
appreciation	1957	1.1200	0.4308
thinkin	1958	1.1200	0.3250
joy	1959	1.1200	0.3816
chocolate	1960	1.1200	0.3816
sitting	1961	1.1200	0.3816
b/c	1962	1.1200	0.3816
cupcake	1963	1.1200	0.3816
expanded	1964	1.1200	0.3250
greenwich	1965	1.1200	0.3250
dana	1966	1.1200	0.3250
his	1967	1.1200	0.4308
award	1968	1.1200	0.4308
click	1969	1.1200	0.3816
well	1970	1.1200	0.4308
thankful	1971	1.1200	0.3816
theodore	1972	1.1200	0.3816
splendid	1973	1.1200	0.3250
leon	1974	1.1200	0.3816
florence	1975	1.1200	0.3816
karaoke	1976	1.1200	0.3250
proved	1977	1.1200	0.3816
ini	1978	1.1200	0.3816
carter	1979	1.1200	0.3816
correct	1980	1.1020	0.3027
areas	1981	1.1000	0.3606
kissing	1982	1.1000	0.3606
successful	1983	1.1000	0.4123
lights	1984	1.1000	0.3606
arrived	1985	1.1000	0.3606
captain	1986	1.1000	0.3000
ink	1987	1.1000	0.3000
membership	1988	1.1000	0.3000
sidney	1989	1.1000	0.3606
n	1990	1.1000	0.4583
a1	1991	1.1000	0.3606
lists	1992	1.1000	0.3606
elaborate	1993	1.0800	0.2713
cafe	1994	1.0800	0.3919
rhyme	1995	1.0612	0.3135
1st	1996	1.0600	0.3105
cute	1997	1.0600	0.2375
green	1998	1.0400	0.2800
greatly	1999	1.0400	0.1960
