motherfucker	0	3.9348	1.3495
murdered	1	3.6600	1.3654
bombing	2	3.5217	1.4912
fatal	3	3.5000	1.4295
death	4	3.5000	1.5133
lottery	5	3.4600	1.5390
torture	6	3.4200	1.5374
slap	7	3.4130	1.4924
died	8	3.3800	1.4682
earthquake	9	3.3200	1.5419
surprisingly	10	3.3043	1.7544
war	11	3.3000	1.3892
violent	12	3.2600	1.3829
asshole	13	3.2500	1.6044
monster	14	3.2200	1.5138
whore	15	3.2000	1.4283
pregnancy	16	3.1800	1.4791
fuckin	17	3.1800	1.5581
screwed	18	3.1667	1.3593
bitch	19	3.1600	1.3618
alien	20	3.1600	1.4333
ohhhh	21	3.1400	1.4562
killin	22	3.1250	1.5344
tortured	23	3.1042	1.4586
scary	24	3.1000	1.3454
allegations	25	3.0833	1.3321
surprise	26	3.0833	1.6277
nigga	27	3.0833	1.5889
kissed	28	3.0833	1.5624
killer	29	3.0652	1.6785
dying	30	3.0625	1.4874
retarded	31	3.0625	1.3708
betray	32	3.0400	1.3851
deadly	33	3.0217	1.5828
screamed	34	3.0208	1.6080
lies	35	3.0208	1.2256
monsters	36	3.0200	1.5810
diagnosis	37	2.9792	1.2571
whack	38	2.9792	1.2571
holocaust	39	2.9400	1.4340
fake	40	2.9130	1.5508
fantasy	41	2.9000	1.4866
panic	42	2.9000	1.4318
thrill	43	2.8800	1.4511
naked	44	2.8750	1.5513
missing	45	2.8600	1.4562
suspended	46	2.8600	1.3713
omg	47	2.8600	1.6001
hollywood	48	2.8600	1.3566
blast	49	2.8542	1.5284
emergency	50	2.8400	1.5279
burnt	51	2.8261	1.4787
woah	52	2.8261	1.5644
infection	53	2.8200	1.4098
burnin	54	2.8000	1.3416
treasure	55	2.8000	1.5362
jail	56	2.8000	1.4967
sexual	57	2.7826	1.2964
stripped	58	2.7708	1.4731
slaves	59	2.7609	1.5437
mystery	60	2.7600	1.4221
fooled	61	2.7600	1.5564
dammit	62	2.7500	1.3429
fraud	63	2.7400	1.4256
guilty	64	2.7292	1.4501
bleed	65	2.7083	1.4234
rob	66	2.6800	1.4483
hero	67	2.6667	1.3368
failure	68	2.6667	1.4418
crashing	69	2.6600	1.5825
pirates	70	2.6400	1.4108
resignation	71	2.6400	1.3529
terrific	72	2.6304	1.5918
fire	73	2.6250	1.5421
collide	74	2.6200	1.3984
pistol	75	2.6200	1.4952
hahah	76	2.6200	1.1982
oooooh	77	2.6200	1.4818
mad	78	2.6200	1.2789
devil	79	2.6087	1.5643
trapped	80	2.6087	1.3398
stimulus	81	2.6042	1.1925
ecstasy	82	2.6042	1.3249
fought	83	2.6000	1.2961
suffering	84	2.6000	1.4422
wins	85	2.6000	1.4967
joy	86	2.5870	1.3395
weapons	87	2.5833	1.5298
offensive	88	2.5800	1.4155
accused	89	2.5625	1.2778
charges	90	2.5625	1.3722
surgery	91	2.5625	1.3569
smashed	92	2.5600	1.4719
demanded	93	2.5600	1.0800
omitted	94	2.5600	1.2674
smoking	95	2.5435	1.4917
shatter	96	2.5417	1.2940
ass	97	2.5417	1.3100
hangover	98	2.5400	1.2524
jewels	99	2.5400	1.3147
rotting	100	2.5400	1.2682
aids	101	2.5217	1.5478
slipped	102	2.5200	1.2998
violations	103	2.5200	1.2687
gore	104	2.5200	1.4865
fury	105	2.5000	1.3248
sinner	106	2.5000	1.3304
anger	107	2.5000	1.3454
hype	108	2.5000	1.2224
ooo	109	2.5000	1.4177
wolves	110	2.5000	1.3863
promotion	111	2.5000	1.4307
blizzard	112	2.4800	1.2528
news	113	2.4800	1.3151
tattoo	114	2.4800	1.4316
damages	115	2.4800	1.2687
famous	116	2.4792	1.3550
cryin	117	2.4792	1.4298
kick	118	2.4600	1.2994
disguise	119	2.4583	1.3690
penalties	120	2.4583	1.3382
hypnotized	121	2.4583	1.3067
encounter	122	2.4583	1.5273
millionaire	123	2.4565	1.3947
disrespect	124	2.4565	1.4407
hate	125	2.4400	1.3440
flames	126	2.4400	1.3735
proposals	127	2.4400	1.4305
nervous	128	2.4400	1.1517
confrontation	129	2.4400	1.2674
hurting	130	2.4375	1.1881
celebrate	131	2.4375	1.5121
biggest	132	2.4375	1.3209
freakin	133	2.4200	1.2343
mortality	134	2.4200	1.3578
police	135	2.4000	1.1832
sting	136	2.4000	1.4560
noise	137	2.3913	1.4018
forgotten	138	2.3800	1.3984
snatch	139	2.3800	1.3548
unemployment	140	2.3800	1.3695
kissing	141	2.3800	1.3250
needles	142	2.3800	1.3098
crush	143	2.3750	1.2820
illusions	144	2.3696	1.2506
kings	145	2.3636	1.5735
loss	146	2.3600	1.3676
deleted	147	2.3600	1.2769
flavor	148	2.3600	1.0911
excess	149	2.3542	1.3426
defeated	150	2.3542	1.4615
appears	151	2.3478	1.2464
idea	152	2.3400	1.2265
suck	153	2.3400	1.3800
savage	154	2.3400	1.2265
lust	155	2.3400	1.4780
escape	156	2.3333	1.2757
erase	157	2.3333	1.3394
great-grandchildren	158	2.3261	1.6871
mean	159	2.3261	1.4213
cliff	160	2.3261	1.3427
blocked	161	2.3200	1.3029
conviction	162	2.3200	1.3920
wrong	163	2.3200	1.2073
dreams	164	2.3200	1.4204
breast	165	2.3200	1.4063
freaky	166	2.3125	1.2555
journey	167	2.3043	1.3702
obsession	168	2.3000	1.3153
jokes	169	2.3000	1.3304
liability	170	2.3000	1.2207
tension	171	2.2917	1.4374
guilt	172	2.2917	1.3163
brilliant	173	2.2826	1.3968
glowing	174	2.2826	1.3493
vengeance	175	2.2800	1.2812
mysterious	176	2.2800	1.3717
slam	177	2.2800	1.3717
embrace	178	2.2800	1.3273
burst	179	2.2800	1.3862
sensation	180	2.2800	1.2496
award	181	2.2800	1.3422
swear	182	2.2800	1.3422
@theellenshow	183	2.2800	1.2968
weird	184	2.2800	1.2968
broke	185	2.2708	1.3435
louder	186	2.2708	1.2470
fly	187	2.2708	1.4480
exhibition	188	2.2609	1.3113
princes	189	2.2609	1.3917
theatre	190	2.2609	1.5115
hurts	191	2.2600	1.3238
sucks	192	2.2600	1.3086
hottest	193	2.2600	1.2777
cinema	194	2.2600	1.1968
survivors	195	2.2600	1.3829
complaints	196	2.2600	1.1968
popped	197	2.2500	1.3075
realised	198	2.2500	1.2588
bloom	199	2.2500	1.2082
quick	200	2.2500	1.4438
damn	201	2.2400	1.1758
blind	202	2.2400	1.3500
argue	203	2.2400	1.3200
acid	204	2.2400	1.4361
handsome	205	2.2400	1.4080
phenomenon	206	2.2400	1.2257
artists	207	2.2400	1.1758
risk	208	2.2292	1.0748
rapid	209	2.2292	1.1314
riches	210	2.2292	1.2702
hunt	211	2.2200	1.4041
tremble	212	2.2200	1.3754
flipped	213	2.2200	1.1365
diamonds	214	2.2200	1.3898
resulting	215	2.2174	1.4116
sports	216	2.2174	1.4269
resigned	217	2.2083	1.3291
wonders	218	2.2083	1.3291
oppose	219	2.2083	1.3601
incidence	220	2.2000	1.2806
hates	221	2.2000	1.2490
syndrome	222	2.2000	1.3115
slick	223	2.2000	1.2649
prosecutor	224	2.2000	1.3856
flights	225	2.2000	1.1662
zit	226	2.2000	1.3115
shawty	227	2.2000	1.3416
shyt	228	2.2000	1.3856
locked	229	2.2000	1.3711
criticized	230	2.1957	1.2759
blown	231	2.1957	1.3260
athletic	232	2.1957	1.1876
organs	233	2.1957	1.3584
poverty	234	2.1875	1.2425
saddened	235	2.1875	1.2756
christmas	236	2.1875	1.4149
glory	237	2.1875	1.2591
fame	238	2.1875	1.3078
training	239	2.1800	1.1780
singapore	240	2.1800	1.4239
affairs	241	2.1800	1.3666
springs	242	2.1800	0.9938
depressed	243	2.1739	1.2164
tensions	244	2.1739	1.2859
ocean	245	2.1739	1.4451
explore	246	2.1667	1.2363
emo	247	2.1667	1.1669
anxious	248	2.1600	1.1723
whiskey	249	2.1600	1.4610
ou	250	2.1600	1.3170
booty	251	2.1600	1.1893
investigations	252	2.1600	1.2060
studies	253	2.1591	1.3473
despise	254	2.1522	1.0754
assumptions	255	2.1458	1.2795
chase	256	2.1458	1.3585
baghdad	257	2.1458	1.2297
rebels	258	2.1458	1.2126
relationships	259	2.1458	1.3431
exact	260	2.1458	1.4037
evidence	261	2.1400	1.1315
wonderful	262	2.1400	1.3268
flying	263	2.1400	1.2330
defensive	264	2.1400	1.2330
forgiven	265	2.1400	1.1315
desperation	266	2.1400	1.1834
anniversary	267	2.1400	1.4424
photoshop	268	2.1400	1.2808
mother-in-law	269	2.1400	1.2808
dislike	270	2.1400	1.2808
dating	271	2.1400	1.3858
hoe	272	2.1400	1.3268
broadcasting	273	2.1400	1.1315
gods	274	2.1400	1.3418
morality	275	2.1400	1.2651
ownership	276	2.1304	1.3537
liberation	277	2.1250	1.2227
appreciation	278	2.1250	1.2227
strapped	279	2.1250	1.2056
splendid	280	2.1250	1.3367
defending	281	2.1200	1.2432
tobacco	282	2.1200	1.4091
angry	283	2.1200	1.2270
randomly	284	2.1200	1.2106
classified	285	2.1200	1.0889
kickin	286	2.1200	1.1771
infinite	287	2.1200	1.2106
lick	288	2.1136	1.1265
observation	289	2.1087	1.2454
jobs	290	2.1087	1.3621
blessings	291	2.1042	1.3142
stained	292	2.1042	1.1629
sticky	293	2.1042	1.1981
remark	294	2.1042	1.3912
cage	295	2.1042	1.2492
concerned	296	2.1042	1.0888
4-bedroom	297	2.1042	1.4924
babes	298	2.1042	1.4642
instant	299	2.1000	1.3304
france	300	2.1000	1.2845
hotter	301	2.1000	1.2369
pirate	302	2.1000	1.2207
dread	303	2.1000	1.2689
rowdy	304	2.1000	1.2207
temper	305	2.1000	1.3153
prisoners	306	2.1000	1.1874
corrected	307	2.1000	1.0630
hardcore	308	2.1000	1.3304
losing	309	2.1000	1.2042
investigating	310	2.1000	1.1180
deserved	311	2.1000	1.1874
isolated	312	2.0909	1.2681
graves	313	2.0870	1.0871
increasingly	314	2.0870	1.2884
serbian	315	2.0870	1.3381
legacy	316	2.0870	1.2542
loneliness	317	2.0833	1.1548
varieties	318	2.0833	1.4289
lmfao	319	2.0833	1.1903
guitars	320	2.0833	1.3995
difficult	321	2.0833	1.1366
remainder	322	2.0833	1.3386
cutie	323	2.0833	1.3071
investigate	324	2.0800	1.1973
misidentified	325	2.0800	1.2139
twin	326	2.0800	1.3833
darkened	327	2.0800	1.3090
feelings	328	2.0800	1.2303
tore	329	2.0800	1.1107
scholarship	330	2.0800	1.2781
roses	331	2.0800	1.3090
bear	332	2.0800	1.4119
rolling	333	2.0652	1.2099
economist	334	2.0652	1.1918
diversity	335	2.0652	1.1734
insecure	336	2.0652	1.0768
inspired	337	2.0625	1.2996
vacation	338	2.0625	1.2996
shopping	339	2.0625	1.4511
arrival	340	2.0600	1.2395
editorials	341	2.0600	0.9677
jajaja	342	2.0600	1.2068
concepts	343	2.0600	1.2395
age	344	2.0600	1.0660
wanted	345	2.0600	1.3177
todas	346	2.0600	1.1560
diaries	347	2.0600	1.2233
bronx	348	2.0600	1.2395
involvement	349	2.0600	1.1901
handling	350	2.0435	1.3044
bugs	351	2.0435	1.1446
immigrants	352	2.0417	1.2424
abnormal	353	2.0417	1.3077
homie	354	2.0417	0.9798
carnival	355	2.0417	1.2424
erased	356	2.0400	1.2484
science	357	2.0400	1.2800
comin	358	2.0400	1.0763
ich	359	2.0400	1.1825
antiques	360	2.0400	1.4417
behold	361	2.0400	1.2800
casa	362	2.0400	1.2322
memories	363	2.0400	1.3410
expression	364	2.0227	1.2903
alternatives	365	2.0227	1.0793
specialized	366	2.0217	1.3118
sentenced	367	2.0217	1.3282
shaking	368	2.0217	1.1901
2morrow	369	2.0208	1.3468
desires	370	2.0208	1.1093
tasting	371	2.0208	1.3468
sold	372	2.0208	1.1820
quality	373	2.0208	0.9472
flipmode	374	2.0208	1.2995
emerged	375	2.0208	1.1642
warrior	376	2.0208	1.2834
performed	377	2.0208	1.3155
stretched	378	2.0208	1.0110
ah	379	2.0208	1.2995
majesty	380	2.0208	1.1995
oooo	381	2.0200	1.2568
mortal	382	2.0200	1.1574
treat	383	2.0200	1.2568
overseas	384	2.0200	1.2883
laughter	385	2.0200	1.2246
3am	386	2.0200	1.2568
tweeting	387	2.0200	1.2883
spent	388	2.0000	1.3565
soccer	389	2.0000	1.1136
pardon	390	2.0000	1.2748
ripping	391	2.0000	1.2166
holidays	392	2.0000	1.3565
arts	393	2.0000	1.3385
valued	394	2.0000	1.0583
exclusively	395	2.0000	1.2076
expanded	396	2.0000	1.1610
exclusive	397	2.0000	1.2511
bright	398	2.0000	1.1662
compete	399	2.0000	1.1136
waves	400	2.0000	1.2158
wasting	401	2.0000	1.3070
boss	402	2.0000	0.9592
reductions	403	2.0000	1.1662
lonesome	404	2.0000	1.3022
chills	405	2.0000	1.2649
women	406	2.0000	1.3693
power	407	2.0000	1.3693
flippin	408	2.0000	1.1832
railway	409	2.0000	1.2336
b-day	410	1.9800	1.2726
hooked	411	1.9800	1.1044
recession	412	1.9800	1.2246
busy	413	1.9800	1.0486
#letsbehonest	414	1.9800	1.2726
villages	415	1.9800	1.2726
torn	416	1.9800	1.0294
dang	417	1.9800	1.0861
hungry	418	1.9800	1.2246
tot	419	1.9800	1.0294
everywhere	420	1.9800	1.2246
drinking	421	1.9800	1.3189
new	422	1.9800	1.1746
immediate	423	1.9800	1.1223
earnings	424	1.9800	1.2568
cake	425	1.9792	1.2821
running	426	1.9792	1.2982
technology	427	1.9792	1.2657
conquest	428	1.9783	1.1113
respect	429	1.9783	1.1113
sculpture	430	1.9783	1.1497
financial	431	1.9783	1.1113
legend	432	1.9600	1.1307
blades	433	1.9600	1.1128
tampa	434	1.9600	1.2159
losers	435	1.9600	1.2484
cookies	436	1.9600	1.2159
unfortunate	437	1.9600	1.1128
android	438	1.9600	1.2159
cynthia	439	1.9600	1.2484
bbq	440	1.9600	1.1482
naive	441	1.9600	1.0947
approaching	442	1.9600	1.3109
ripped	443	1.9600	1.1825
momento	444	1.9600	1.2159
romeo	445	1.9600	1.2484
amount	446	1.9600	1.1128
spending	447	1.9600	1.2159
atmosphere	448	1.9583	1.2727
summertime	449	1.9583	1.3521
what	450	1.9583	1.2727
negative	451	1.9583	1.1704
retweet	452	1.9583	1.2055
global	453	1.9583	1.3366
gives	454	1.9583	1.1881
woo	455	1.9583	1.2890
lowest	456	1.9583	1.2396
boundaries	457	1.9583	1.2890
feature	458	1.9583	1.2727
lord	459	1.9583	1.2562
appointment	460	1.9583	1.3051
bury	461	1.9583	1.0969
star	462	1.9583	1.2562
cave	463	1.9583	1.3826
atm	464	1.9565	1.2120
blew	465	1.9400	1.2233
mess	466	1.9400	1.1732
vietnam	467	1.9400	1.2714
adopted	468	1.9400	1.3328
negotiate	469	1.9400	1.1386
snap	470	1.9400	1.0082
ruins	471	1.9400	1.0278
perceived	472	1.9400	1.1901
blonde	473	1.9400	1.2870
film	474	1.9400	1.3771
govt	475	1.9400	1.2068
perfectly	476	1.9400	1.0846
consequence	477	1.9400	1.1029
thoughts	478	1.9400	1.0846
kaufman	479	1.9400	1.2714
latest	480	1.9375	1.3115
tall	481	1.9375	1.3887
economics	482	1.9375	1.2956
mexican	483	1.9375	1.2794
harlem	484	1.9375	1.0264
existence	485	1.9375	1.1598
grammy	486	1.9375	1.2956
amazon	487	1.9375	1.2464
filled	488	1.9375	1.2125
discipline	489	1.9375	1.1233
turns	490	1.9375	1.3584
medical	491	1.9375	1.2464
halloween	492	1.9375	1.1776
expressions	493	1.9375	1.1598
beatles	494	1.9348	1.2184
benz	495	1.9348	1.3537
puerto	496	1.9348	1.2708
bold	497	1.9348	1.1448
dates	498	1.9348	1.3537
troubles	499	1.9348	1.1637
shadow	500	1.9200	1.2139
no	501	1.9200	1.1285
rain	502	1.9200	1.1805
skirt	503	1.9200	1.0167
popular	504	1.9200	1.3242
slim	505	1.9200	1.1634
party's	506	1.9200	1.2937
volume	507	1.9200	1.1634
intelligence	508	1.9200	1.1973
luckily	509	1.9200	1.2303
theaters	510	1.9200	1.2937
1st	511	1.9200	1.2464
dump	512	1.9200	1.1285
dynamic	513	1.9200	1.2624
succession	514	1.9200	1.1285
mumbai	515	1.9200	1.1973
overcome	516	1.9200	1.0741
boa	517	1.9200	1.2303
searched	518	1.9200	1.1285
agree	519	1.9200	1.0741
investigators	520	1.9200	1.1107
ancient	521	1.9167	1.1845
aching	522	1.9167	1.1487
hide	523	1.9167	1.1667
like	524	1.9167	1.2694
starry	525	1.9167	1.2528
baked	526	1.9167	1.2019
doorway	527	1.9167	1.2857
barney	528	1.9167	1.3177
mile	529	1.9167	1.2857
judges	530	1.9167	1.1305
recalled	531	1.9167	1.0737
miami	532	1.9167	1.3018
average	533	1.9130	1.1885
whenever	534	1.9130	1.0932
scales	535	1.9130	1.1885
raining	536	1.9130	1.1129
lazy	537	1.9130	1.2421
producing	538	1.9000	1.1358
changes	539	1.9000	1.0440
reconstruction	540	1.9000	1.1533
yields	541	1.9000	1.0440
pets	542	1.9000	1.1358
turner	543	1.9000	1.2530
opposition	544	1.9000	1.0247
examined	545	1.9000	1.2042
tyson	546	1.9000	1.2369
period	547	1.9000	1.2042
acts	548	1.9000	1.1874
messed	549	1.9000	1.1180
begins	550	1.9000	0.9849
hai	551	1.9000	1.1874
tangled	552	1.9000	1.0630
rookie	553	1.9000	1.1705
authorities	554	1.9000	1.1358
carrier	555	1.8958	1.2423
car	556	1.8958	1.3546
premiere	557	1.8958	1.1187
crooked	558	1.8958	1.0999
faster	559	1.8958	1.1909
borne	560	1.8958	1.0999
mit	561	1.8958	1.1554
blogger	562	1.8958	1.1554
olympic	563	1.8913	1.2124
story	564	1.8913	1.2650
females	565	1.8913	1.2989
satisfactory	566	1.8913	1.1943
bubble	567	1.8800	1.0889
issues	568	1.8800	1.1071
veteran	569	1.8800	1.1426
surrounding	570	1.8800	1.2270
premier	571	1.8800	1.3212
monetary	572	1.8800	1.0889
unlike	573	1.8800	1.2750
autumn	574	1.8800	1.1771
gucci	575	1.8800	1.1250
daughter-in-law	576	1.8800	1.2106
woot	577	1.8800	1.1071
nun	578	1.8800	1.2750
memo	579	1.8800	1.2270
saving	580	1.8800	1.1071
long	581	1.8800	1.1771
racial	582	1.8800	1.0323
influences	583	1.8800	1.1600
hawaii	584	1.8800	1.2270
horn	585	1.8800	1.3060
refused	586	1.8750	1.1616
fresh	587	1.8750	1.1969
clue	588	1.8750	1.2312
angeles	589	1.8750	1.2646
bit	590	1.8750	1.2480
trance	591	1.8750	0.9871
painting	592	1.8750	1.1794
partnership	593	1.8750	1.2972
pit	594	1.8750	1.2142
election	595	1.8750	1.1969
priced	596	1.8750	1.3131
value	597	1.8750	1.2142
worlds	598	1.8750	1.2646
#tcot	599	1.8750	1.2646
gracias	600	1.8750	1.2142
superior	601	1.8750	1.0485
gen	602	1.8750	1.1969
empire	603	1.8750	1.1251
rocked	604	1.8750	1.1616
whispering	605	1.8750	1.3751
fulfill	606	1.8750	1.0284
veterans	607	1.8750	1.0875
rush	608	1.8696	1.0856
ethics	609	1.8696	1.0653
cambridge	610	1.8696	1.2354
hah	611	1.8696	1.0856
fiend	612	1.8696	1.0653
soldier	613	1.8600	1.0772
ending	614	1.8600	1.0956
patient's	615	1.8600	1.2651
held	616	1.8600	1.1137
laws	617	1.8600	1.1137
solution	618	1.8600	1.1315
tale	619	1.8600	1.2330
removal	620	1.8600	1.2808
resistance	621	1.8600	1.0772
occurs	622	1.8600	1.2002
briefly	623	1.8600	1.0772
soul	624	1.8600	1.2167
truth	625	1.8600	1.2167
mold	626	1.8600	1.1137
schneider	627	1.8600	1.2492
biblical	628	1.8600	1.1137
pronto	629	1.8600	1.0772
geographical	630	1.8600	1.2167
conclude	631	1.8600	1.0200
candy	632	1.8600	1.2330
funds	633	1.8600	1.2492
endorsed	634	1.8600	1.1315
karaoke	635	1.8600	1.1491
afford	636	1.8542	1.2026
skill	637	1.8542	1.2367
israelis	638	1.8542	1.0745
roundup	639	1.8542	1.3024
widely	640	1.8542	1.2700
moscow	641	1.8542	1.2198
plaintiff	642	1.8542	1.1312
tweetdeck	643	1.8542	1.2700
gardening	644	1.8542	1.1674
mask	645	1.8542	1.1312
asking	646	1.8542	1.3340
lights	647	1.8542	1.2367
audiences	648	1.8542	1.2026
dozens	649	1.8542	1.2700
atoms	650	1.8542	1.1312
rocky	651	1.8542	1.1126
right	652	1.8542	1.2535
scripture	653	1.8542	1.0549
thousands	654	1.8542	1.1494
banana	655	1.8542	1.1851
purchase	656	1.8542	1.2198
screenplay	657	1.8542	1.1851
disclosed	658	1.8478	1.1866
specimens	659	1.8478	1.1303
placing	660	1.8478	1.0505
themselves	661	1.8478	1.2047
wright	662	1.8478	1.1109
regulators	663	1.8478	1.2047
versus	664	1.8478	1.1303
salvation	665	1.8409	1.1084
uptight	666	1.8400	1.0461
easter	667	1.8400	1.1377
arthur	668	1.8400	1.0072
affection	669	1.8400	1.1723
dance	670	1.8400	1.1552
arafat	671	1.8400	1.2225
landing	672	1.8400	1.1552
organ	673	1.8400	1.1552
infant	674	1.8400	1.2548
exhibit	675	1.8400	1.1200
footsteps	676	1.8400	0.9871
pronounced	677	1.8400	0.9871
april	678	1.8400	1.0268
commercial	679	1.8400	1.0072
resort	680	1.8400	1.2387
donna	681	1.8400	1.3170
shakes	682	1.8400	1.0461
anyhow	683	1.8400	1.1020
melting	684	1.8400	1.0268
shiver	685	1.8400	1.0651
inevitable	686	1.8400	1.2706
traded	687	1.8400	1.2387
mouse	688	1.8400	1.2060
souls	689	1.8400	1.0651
roam	690	1.8333	1.0411
foundation	691	1.8333	1.2912
dependence	692	1.8333	1.1905
nope	693	1.8333	1.0995
ritual	694	1.8333	1.0411
sweep	695	1.8333	1.1183
closed	696	1.8333	1.1368
showing	697	1.8333	1.2912
century	698	1.8333	1.2250
activities	699	1.8333	1.1905
disclosure	700	1.8333	1.1183
dripping	701	1.8333	0.9792
shy	702	1.8333	1.1905
density	703	1.8333	1.0411
dad	704	1.8261	1.0962
trend	705	1.8261	1.1729
pretax	706	1.8261	1.0762
poems	707	1.8261	1.1159
smart	708	1.8261	1.2094
outdoor	709	1.8261	1.1913
whole	710	1.8261	1.1159
respectively	711	1.8261	1.0762
cool	712	1.8200	1.1948
paid	713	1.8200	1.0713
o	714	1.8200	1.2440
declaration	715	1.8200	0.9527
ethical	716	1.8200	1.0524
reviewer	717	1.8200	1.0898
sadness	718	1.8200	1.1609
photograph	719	1.8200	1.2114
admit	720	1.8200	0.9938
designated	721	1.8200	1.2600
nah	722	1.8200	0.9734
england	723	1.8200	1.2914
situations	724	1.8200	1.1080
anti	725	1.8200	1.2278
fog	726	1.8200	1.0713
exchanges	727	1.8200	1.0524
active	728	1.8200	1.1259
varying	729	1.8200	1.1435
prince	730	1.8200	1.2440
rt	731	1.8200	1.1609
customs	732	1.8200	1.1259
gulf	733	1.8200	1.0713
rehearsal	734	1.8200	1.1609
phat	735	1.8200	1.1259
languages	736	1.8200	1.1080
talkin	737	1.8200	1.0713
stars	738	1.8200	1.0524
provision	739	1.8200	1.0137
obtained	740	1.8125	1.1601
strife	741	1.8125	1.0062
herman	742	1.8125	1.0859
commerce	743	1.8125	1.2298
syracuse	744	1.8125	1.0665
sponsored	745	1.8125	1.1955
taxpayers	746	1.8125	1.1779
frequency	747	1.8125	1.1049
doug	748	1.8125	1.1049
agent	749	1.8125	1.1955
dass	750	1.8125	1.1236
members	751	1.8125	1.1049
voices	752	1.8125	1.1420
nova	753	1.8125	1.0859
tag	754	1.8125	1.1601
nations	755	1.8125	1.2796
resolve	756	1.8125	1.0859
feeds	757	1.8043	1.2136
pollution	758	1.8043	1.1586
scattered	759	1.8043	1.0607
economists	760	1.8043	1.1205
faith	761	1.8043	0.9527
ellis	762	1.8043	1.1772
wii	763	1.8043	1.2662
bedroom	764	1.8043	1.1772
arlington	765	1.8043	1.1586
dressed	766	1.8043	1.1956
balls	767	1.8000	1.1136
earning	768	1.8000	1.2329
forgetting	769	1.8000	1.0770
partner	770	1.8000	1.1314
developments	771	1.8000	1.1136
massage	772	1.8000	1.1662
obligation	773	1.8000	1.0583
tokyo	774	1.8000	1.1136
big	775	1.8000	1.0770
download	776	1.8000	1.1662
lah	777	1.8000	1.2961
vuoi	778	1.8000	1.3416
grandmother	779	1.8000	1.2490
matrix	780	1.8000	1.0770
selling	781	1.8000	1.1489
cemetery	782	1.8000	1.0198
stiff	783	1.8000	1.0583
ranging	784	1.8000	1.1489
franklin	785	1.7955	1.2138
models	786	1.7917	1.2511
hello	787	1.7917	1.1285
bedtime	788	1.7917	1.2173
canon	789	1.7917	1.1285
bet	790	1.7917	1.0321
pls	791	1.7917	1.1826
organizational	792	1.7917	1.1099
rihanna	793	1.7917	1.1826
jews	794	1.7917	1.1468
drink	795	1.7917	1.2173
loose	796	1.7917	1.2173
silk	797	1.7917	1.1099
presentation	798	1.7917	1.1648
preserved	799	1.7917	1.1099
reform	800	1.7917	1.1826
certainty	801	1.7917	1.2001
theology	802	1.7917	1.1826
russian	803	1.7917	1.2001
presence	804	1.7917	1.1468
boldface	805	1.7917	1.0520
taiwan	806	1.7917	1.1099
interpretation	807	1.7917	1.1099
merchants	808	1.7826	1.2175
poor's	809	1.7826	1.1627
cowboys	810	1.7826	1.1246
rags	811	1.7826	1.0020
hitherto	812	1.7826	1.0445
theatrical	813	1.7826	0.9111
80's	814	1.7826	1.0651
always	815	1.7826	1.0651
ph	816	1.7800	1.1007
vocals	817	1.7800	1.2376
aesthetic	818	1.7800	1.0058
assuming	819	1.7800	1.2536
faced	820	1.7800	1.1539
learning	821	1.7800	1.1187
physicians	822	1.7800	1.2048
olvidar	823	1.7800	1.2048
joint	824	1.7800	1.2048
haircut	825	1.7800	1.0448
mente	826	1.7800	1.2213
praying	827	1.7800	1.1539
ayer	828	1.7800	1.1712
entrance	829	1.7800	1.1712
cute	830	1.7800	1.2376
diary	831	1.7800	1.0638
finals	832	1.7800	1.2851
conservative	833	1.7800	1.1712
hindu	834	1.7800	1.0638
consciousness	835	1.7800	1.1007
involving	836	1.7800	1.1187
administration	837	1.7800	1.1007
characteristics	838	1.7800	1.0824
youu	839	1.7800	1.1881
hoping	840	1.7708	0.9960
whereas	841	1.7708	1.0764
saves	842	1.7708	1.0764
timbaland	843	1.7708	1.1869
perception	844	1.7708	1.0764
perfume	845	1.7708	1.2215
light	846	1.7708	1.0370
forex	847	1.7708	1.1330
essence	848	1.7708	1.1144
bishops	849	1.7708	1.1330
somebody	850	1.7708	1.1692
stronger	851	1.7708	1.0569
sherman	852	1.7708	1.0956
revenue	853	1.7708	1.0764
lawyers	854	1.7708	1.1692
shoes	855	1.7708	1.1512
scott	856	1.7708	1.3198
forward	857	1.7708	1.1692
protected	858	1.7708	1.1144
lime	859	1.7708	1.0370
phyllis	860	1.7708	1.1512
daughter	861	1.7708	1.0569
laced	862	1.7708	1.0167
lullaby	863	1.7609	1.1475
cover	864	1.7609	0.9843
aware	865	1.7609	1.0062
us	866	1.7609	1.1475
inventory	867	1.7609	1.1663
however	868	1.7609	0.9620
privilege	869	1.7609	1.1663
worth	870	1.7609	1.1284
contained	871	1.7609	1.1663
spoken	872	1.7600	1.0874
lack	873	1.7600	1.0307
lots	874	1.7600	1.1056
episcopal	875	1.7600	1.1236
strong	876	1.7600	1.1586
grin	877	1.7600	1.0874
individual	878	1.7600	1.0874
1960s	879	1.7600	1.1926
newspaper	880	1.7600	1.1586
pianist	881	1.7600	1.1236
evan	882	1.7600	1.2257
administered	883	1.7600	1.0111
costumes	884	1.7600	1.2579
cia	885	1.7600	1.1412
fluid	886	1.7600	1.0500
irish	887	1.7600	1.2419
campaigns	888	1.7600	1.1758
atlantic	889	1.7600	1.2257
successful	890	1.7600	1.1586
swim	891	1.7600	1.2093
bid	892	1.7600	1.0874
captain	893	1.7600	1.0500
remind	894	1.7600	1.1926
timber	895	1.7600	1.0500
compare	896	1.7600	0.9069
manhattan	897	1.7600	1.1926
existing	898	1.7600	1.0874
thin	899	1.7600	1.0307
five-year	900	1.7600	1.1056
extend	901	1.7600	1.0874
chillin	902	1.7600	1.0874
empirical	903	1.7600	1.0111
combo	904	1.7600	1.1412
sustained	905	1.7600	1.2257
whether	906	1.7600	1.0874
alleen	907	1.7500	1.0998
hearing	908	1.7500	1.1186
soo	909	1.7500	1.0613
talking	910	1.7500	1.0998
finite	911	1.7500	1.0213
custom	912	1.7500	1.0600
dry	913	1.7500	1.1553
cafe	914	1.7500	1.1553
passage	915	1.7500	1.1371
usually	916	1.7500	1.1732
engineers	917	1.7500	1.2253
ira	918	1.7500	1.1553
woe	919	1.7500	1.0415
interpreted	920	1.7500	1.0415
properties	921	1.7500	0.9796
linux	922	1.7500	1.0415
patricia	923	1.7500	1.0998
secondary	924	1.7500	1.1186
poetry	925	1.7500	1.1732
bulletin	926	1.7500	1.1186
construct	927	1.7500	1.0415
tone	928	1.7500	1.0807
desired	929	1.7500	1.0213
amsterdam	930	1.7400	1.1101
far	931	1.7400	1.1101
missouri	932	1.7400	1.1456
happy	933	1.7400	1.1101
chapels	934	1.7400	1.0161
verb	935	1.7400	1.0161
cultural	936	1.7400	1.0547
dude	937	1.7400	1.0547
progress	938	1.7400	1.0735
sane	939	1.7400	1.0735
style	940	1.7400	1.1101
client	941	1.7400	0.9962
organizations	942	1.7400	1.1800
regardless	943	1.7400	1.0161
doo	944	1.7400	0.9759
jay	945	1.7400	1.1280
observer	946	1.7400	1.0547
pointed	947	1.7400	1.0356
sarah	948	1.7400	1.2932
characterized	949	1.7400	1.1629
globe	950	1.7400	1.1456
assets	951	1.7400	1.1629
absorption	952	1.7400	0.9124
shop	953	1.7400	1.2298
walkin	954	1.7400	1.1456
boca	955	1.7400	1.1456
muslim	956	1.7400	0.9552
acceptance	957	1.7400	1.1280
adjustment	958	1.7400	1.0547
rides	959	1.7400	1.2619
visits	960	1.7391	1.1317
towards	961	1.7391	1.0927
agreement	962	1.7391	1.0927
temperature	963	1.7391	1.1124
shes	964	1.7391	1.2061
clause	965	1.7391	1.0927
investor	966	1.7292	1.0653
pull	967	1.7292	0.9182
possibly	968	1.7292	1.0846
votes	969	1.7292	1.1037
mechanical	970	1.7292	1.1589
tanto	971	1.7292	0.9406
times	972	1.7292	1.1408
grateful	973	1.7292	0.9839
farther	974	1.7292	1.0846
compelled	975	1.7292	0.8952
ojos	976	1.7292	1.0846
wont	977	1.7292	1.1037
mack	978	1.7292	0.9839
jenny	979	1.7292	1.2622
stamford	980	1.7292	1.1768
sciences	981	1.7292	1.1224
hm	982	1.7292	1.0049
travel	983	1.7292	1.1037
pose	984	1.7292	0.9839
solutions	985	1.7292	1.1037
friendship	986	1.7292	1.2117
waan	987	1.7292	0.9625
bernstein	988	1.7292	1.2287
turn	989	1.7292	0.8952
priests	990	1.7292	1.1408
fuera	991	1.7292	1.0455
practice	992	1.7292	1.1408
statement	993	1.7273	0.9963
bass	994	1.7200	1.1321
excuse	995	1.7200	1.0008
girlfriend	996	1.7200	1.0962
ufc	997	1.7200	1.1496
demonstration	998	1.7200	1.0400
sort	999	1.7200	1.1496
om	1000	1.7200	1.0400
ebook	1001	1.7200	1.0962
aimed	1002	1.7200	1.0400
1960's	1003	1.7200	1.0008
left	1004	1.7200	1.2007
investments	1005	1.7200	1.1321
originally	1006	1.7200	0.9600
butter	1007	1.7200	1.0778
overcast	1008	1.7200	1.0400
questa	1009	1.7200	1.0206
miles	1010	1.7200	1.0778
estimated	1011	1.7200	1.1496
mm	1012	1.7200	1.1321
scent	1013	1.7200	1.0400
qualities	1014	1.7200	1.2335
pamela	1015	1.7200	1.1839
hallelujah	1016	1.7200	1.1839
vivo	1017	1.7200	0.9174
signal	1018	1.7200	0.9600
dell	1019	1.7200	1.1143
tasty	1020	1.7200	1.1669
#quote	1021	1.7200	1.0591
looked	1022	1.7200	1.1143
ballin	1023	1.7200	1.0400
position	1024	1.7200	1.1669
checked	1025	1.7200	0.9806
thankful	1026	1.7200	1.1496
streams	1027	1.7200	1.1496
essentially	1028	1.7200	1.0591
dna	1029	1.7200	1.1143
jewish	1030	1.7200	1.0400
ding	1031	1.7200	0.9600
rear	1032	1.7200	1.0206
portion	1033	1.7200	0.9600
devotion	1034	1.7200	1.0206
newest	1035	1.7200	1.0591
holy	1036	1.7200	1.0778
cornell	1037	1.7200	0.9806
jeanne	1038	1.7200	1.0962
society	1039	1.7200	1.0591
sufficiently	1040	1.7200	1.0591
dining	1041	1.7200	1.0962
rarely	1042	1.7174	0.9915
durch	1043	1.7174	1.1724
preface	1044	1.7174	0.9234
anglo	1045	1.7174	0.9915
cut	1046	1.7174	0.9915
brown	1047	1.7174	1.0957
someday	1048	1.7174	0.9915
references	1049	1.7174	1.0132
fact	1050	1.7174	1.0957
missy	1051	1.7174	1.1347
papa	1052	1.7174	1.1347
garcia	1053	1.7174	1.1154
european	1054	1.7083	1.0688
sox	1055	1.7083	1.0291
dont	1056	1.7083	0.8995
private	1057	1.7083	1.0492
purchased	1058	1.7083	1.0688
chocolate	1059	1.7083	1.1071
bro	1060	1.7083	0.9878
drive	1061	1.7083	1.0688
sections	1062	1.7083	1.0492
beijing	1063	1.7083	1.1071
cookie	1064	1.7083	1.0881
grasp	1065	1.7083	0.9878
lateral	1066	1.7083	0.9665
facts	1067	1.7083	1.1800
somethin	1068	1.7083	1.0492
tie	1069	1.7083	0.9665
speakers	1070	1.7083	1.0087
greatly	1071	1.7083	1.1441
weeks	1072	1.7083	1.0688
democracy	1073	1.7083	1.1071
covering	1074	1.7083	1.0492
media	1075	1.7083	1.0291
telling	1076	1.7083	0.9224
bell	1077	1.7083	1.0492
einen	1078	1.7083	0.9878
fur	1079	1.7045	1.0858
national	1080	1.7000	1.2042
implementation	1081	1.7000	0.9434
fair	1082	1.7000	1.0440
correct	1083	1.7000	1.2042
wholesalers	1084	1.7000	0.9644
options	1085	1.7000	1.0440
homeboy	1086	1.7000	0.9000
reputation	1087	1.7000	1.0630
may	1088	1.7000	0.9849
didnt	1089	1.7000	1.1358
seldom	1090	1.7000	1.0630
green	1091	1.7000	1.0817
gps	1092	1.7000	1.0817
nog	1093	1.7000	0.9849
nitrogen	1094	1.7000	1.0247
molecules	1095	1.7000	1.1180
record	1096	1.7000	1.0630
tender	1097	1.7000	1.0050
raw	1098	1.7000	0.9000
reference	1099	1.7000	0.9434
tomorrow's	1100	1.7000	1.2207
resolved	1101	1.7000	1.0630
moan	1102	1.7000	0.9434
jay-z	1103	1.7000	1.0247
producers	1104	1.7000	1.1874
vancouver	1105	1.7000	1.1874
machinery	1106	1.7000	0.9644
shaggy	1107	1.7000	0.8775
hrs	1108	1.7000	1.0817
cultivated	1109	1.7000	1.0247
sincere	1110	1.7000	0.9644
leon	1111	1.7000	1.2530
du	1112	1.7000	1.0817
wana	1113	1.7000	1.0440
a1	1114	1.7000	1.2207
turkish	1115	1.7000	1.0247
spaces	1116	1.7000	1.2207
guiding	1117	1.7000	1.1000
beers	1118	1.6957	0.9944
plane	1119	1.6957	1.0372
hut	1120	1.6957	0.9497
nov	1121	1.6957	1.1179
classes	1122	1.6957	1.0372
leo	1123	1.6957	1.0783
widow	1124	1.6957	1.0983
cant	1125	1.6957	1.0161
dre	1126	1.6957	1.0372
treated	1127	1.6957	1.0161
oakland	1128	1.6957	1.1179
pena	1129	1.6905	0.9310
requested	1130	1.6875	1.0720
etsy	1131	1.6875	0.9912
youth	1132	1.6875	1.1829
conversation	1133	1.6875	1.0913
customers	1134	1.6875	1.0720
manners	1135	1.6875	1.0720
theater	1136	1.6875	1.0524
father	1137	1.6875	1.2003
accounts	1138	1.6875	1.0720
wireless	1139	1.6875	1.0324
passing	1140	1.6875	0.9700
arnold	1141	1.6875	1.1102
assigned	1142	1.6875	1.1651
complex	1143	1.6875	1.1471
excuses	1144	1.6875	0.9700
fitness	1145	1.6875	0.9482
finna	1146	1.6875	0.9912
theodore	1147	1.6875	1.0720
stuffed	1148	1.6875	1.1102
halo	1149	1.6875	1.0120
keepin	1150	1.6875	0.9912
signals	1151	1.6875	0.9260
circular	1152	1.6875	1.0720
dizzy	1153	1.6875	0.9482
lawn	1154	1.6875	1.1471
distinctive	1155	1.6875	1.0324
vital	1156	1.6875	0.9260
needs	1157	1.6875	1.0120
bat	1158	1.6875	0.9482
circles	1159	1.6875	1.0913
comparison	1160	1.6800	0.9887
agents	1161	1.6800	1.0666
fa	1162	1.6800	1.0477
rises	1163	1.6800	1.0852
sec	1164	1.6800	1.1214
suggestions	1165	1.6800	0.8588
nights	1166	1.6800	1.0852
climbing	1167	1.6800	1.1214
heights	1168	1.6800	1.1906
umbrella	1169	1.6800	1.0284
positions	1170	1.6800	1.1391
whilst	1171	1.6800	0.9474
apartment	1172	1.6800	1.0284
aides	1173	1.6800	1.1906
wrapped	1174	1.6800	1.0477
considerably	1175	1.6800	0.9474
minimum	1176	1.6800	1.1034
c'est	1177	1.6800	1.0852
equality	1178	1.6800	1.0666
jag	1179	1.6800	0.9042
sympathetic	1180	1.6800	1.0088
fazer	1181	1.6800	0.9683
tha	1182	1.6800	1.1737
device	1183	1.6800	1.1214
determination	1184	1.6800	0.9887
une	1185	1.6800	1.2238
supplied	1186	1.6800	1.0284
question	1187	1.6800	1.0666
males	1188	1.6800	1.1034
animals	1189	1.6800	1.0284
informal	1190	1.6800	1.0666
stacks	1191	1.6800	1.0852
listenin	1192	1.6800	0.9683
rewind	1193	1.6800	0.9474
km	1194	1.6800	1.0284
hip	1195	1.6800	1.1214
amber	1196	1.6800	1.0852
track	1197	1.6800	1.0477
goals	1198	1.6800	1.1034
attention	1199	1.6800	1.0852
pleaded	1200	1.6800	1.0088
dear	1201	1.6800	1.0284
manuscript	1202	1.6800	1.1034
pum	1203	1.6800	1.0477
aide	1204	1.6800	1.0666
drivin	1205	1.6800	1.0284
latin	1206	1.6800	1.1034
weg	1207	1.6800	0.9261
manufacturing	1208	1.6800	1.1565
flat	1209	1.6739	1.0184
obtaining	1210	1.6739	1.0603
muy	1211	1.6739	0.9291
let	1212	1.6739	0.8561
finished	1213	1.6739	0.9523
essential	1214	1.6739	1.0806
suite	1215	1.6739	0.9291
pumpkin	1216	1.6739	1.0806
bosnian	1217	1.6739	0.9969
clip	1218	1.6739	1.0806
carlos	1219	1.6667	0.9730
bff	1220	1.6667	1.1677
entry	1221	1.6667	1.0552
colour	1222	1.6667	1.1314
effort	1223	1.6667	0.9292
carefully	1224	1.6667	0.9065
germany	1225	1.6667	1.1854
optical	1226	1.6667	0.9730
deeds	1227	1.6667	1.1497
pleasant	1228	1.6667	1.1128
filter	1229	1.6667	1.1314
stuff	1230	1.6667	0.9514
opens	1231	1.6667	0.9942
pieces	1232	1.6667	0.9730
packing	1233	1.6667	1.0149
tes	1234	1.6667	1.0748
transaction	1235	1.6667	1.1128
memoir	1236	1.6600	1.1245
asked	1237	1.6600	1.0121
junior	1238	1.6600	1.0698
km/h	1239	1.6600	1.0883
want	1240	1.6600	0.9510
entre	1241	1.6600	0.9922
muero	1242	1.6600	0.9922
grandsons	1243	1.6600	1.1245
developers	1244	1.6600	1.0509
frank	1245	1.6600	1.0509
berlin	1246	1.6600	1.1421
governor's	1247	1.6600	1.0509
communities	1248	1.6600	1.0317
kind	1249	1.6600	0.8857
tank	1250	1.6600	1.0317
chairwoman	1251	1.6600	0.9718
leven	1252	1.6600	0.8857
wait	1253	1.6600	0.9718
giving	1254	1.6600	1.0883
cupcake	1255	1.6600	1.0509
reverse	1256	1.6600	1.1065
sally	1257	1.6600	0.9297
i'll	1258	1.6600	1.0317
nearly	1259	1.6600	0.9718
apartments	1260	1.6600	1.1595
fishing	1261	1.6600	1.0121
exhausted	1262	1.6600	1.0121
marcus	1263	1.6600	1.1245
united	1264	1.6600	1.0698
raton	1265	1.6600	1.0121
directly	1266	1.6600	1.1065
sensory	1267	1.6600	0.9718
neighborhood	1268	1.6600	1.1065
well	1269	1.6600	1.0121
dividends	1270	1.6600	1.0509
alison	1271	1.6600	1.0121
sensitivity	1272	1.6600	0.9718
portrait	1273	1.6600	0.9922
said	1274	1.6600	1.0509
adios	1275	1.6600	1.0121
contigo	1276	1.6600	0.9297
decent	1277	1.6600	0.9510
december	1278	1.6600	1.1421
anata	1279	1.6600	1.1421
conventional	1280	1.6600	1.1065
sidney	1281	1.6600	0.9718
care	1282	1.6600	1.0317
alaska	1283	1.6600	1.2265
square	1284	1.6600	1.1065
rhyme	1285	1.6600	1.0698
collections	1286	1.6600	1.1065
piano	1287	1.6600	1.1245
issued	1288	1.6600	0.9297
ruff	1289	1.6600	1.0317
cord	1290	1.6522	0.8327
advocate	1291	1.6522	0.9768
listening	1292	1.6522	1.0204
understands	1293	1.6522	0.9768
heels	1294	1.6522	0.9768
priority	1295	1.6522	0.9768
bridge	1296	1.6522	1.0204
walking	1297	1.6458	1.0771
niece	1298	1.6458	1.0576
blues	1299	1.6458	1.0771
countries	1300	1.6458	1.0576
thursdays	1301	1.6458	1.0771
eye	1302	1.6458	0.9967
governments	1303	1.6458	1.0377
dice	1304	1.6458	0.9967
mister	1305	1.6458	1.0771
ive	1306	1.6458	1.0174
flown	1307	1.6458	0.8861
doc	1308	1.6458	1.1151
survey	1309	1.6458	1.0174
therapeutic	1310	1.6458	0.8623
supported	1311	1.6458	1.1337
reflected	1312	1.6458	0.9319
co-op	1313	1.6458	1.0576
freeway	1314	1.6458	0.9756
outlets	1315	1.6458	1.1151
feeding	1316	1.6458	0.9756
quien	1317	1.6458	1.1151
blunt	1318	1.6458	0.8861
upward	1319	1.6458	0.8378
mah	1320	1.6458	0.9093
land	1321	1.6458	1.2221
substance	1322	1.6400	1.0538
friend	1323	1.6400	1.1271
tested	1324	1.6400	0.9541
collected	1325	1.6400	1.0538
limits	1326	1.6400	0.9952
nearest	1327	1.6400	1.0911
milwaukee	1328	1.6400	1.1960
unit	1329	1.6400	0.9749
llegar	1330	1.6400	1.0538
hardly	1331	1.6400	0.9330
aint	1332	1.6400	0.9749
jesse	1333	1.6400	1.0726
bruce	1334	1.6400	1.0911
holdin	1335	1.6400	0.9541
node	1336	1.6400	0.9952
capacity	1337	1.6400	1.1621
mesmo	1338	1.6400	1.0346
himself	1339	1.6400	1.0726
islanders	1340	1.6400	1.0538
posterior	1341	1.6400	1.0726
motor	1342	1.6400	0.9541
play	1343	1.6400	1.0346
appointed	1344	1.6400	0.9952
nurses	1345	1.6400	1.1092
sho	1346	1.6400	1.1792
gloria	1347	1.6400	1.0911
knight	1348	1.6400	1.0151
roughly	1349	1.6400	0.9113
calif	1350	1.6400	1.0346
drew	1351	1.6400	0.9541
arrived	1352	1.6400	1.0151
years	1353	1.6400	0.9749
bist	1354	1.6400	1.0151
shift	1355	1.6400	0.9749
because	1356	1.6400	1.0151
lisa	1357	1.6400	1.1960
executives	1358	1.6400	1.0346
mount	1359	1.6400	1.1092
certain	1360	1.6400	0.9952
toy	1361	1.6400	1.1621
facilities	1362	1.6400	1.0726
gf	1363	1.6400	1.1621
sharon	1364	1.6400	1.1092
fm	1365	1.6400	1.0346
tract	1366	1.6400	1.0151
arrow	1367	1.6400	1.0151
skills	1368	1.6304	1.0004
demonstrated	1369	1.6304	1.0636
secretary	1370	1.6304	1.1424
brotha	1371	1.6304	0.8602
federation	1372	1.6304	0.9329
icon	1373	1.6304	1.0004
interview	1374	1.6304	1.0004
their	1375	1.6304	0.9093
chap	1376	1.6304	0.7807
wk	1377	1.6304	1.1037
harriet	1378	1.6304	0.9784
stays	1379	1.6304	0.9559
reagan	1380	1.6304	0.7807
servants	1381	1.6304	0.8851
business	1382	1.6250	1.1170
persuade	1383	1.6250	0.9778
wayne	1384	1.6250	1.0791
anche	1385	1.6250	0.8885
tied	1386	1.6250	0.8885
all	1387	1.6250	0.9116
atl	1388	1.6250	0.9989
acres	1389	1.6250	1.0195
har	1390	1.6250	0.9116
current	1391	1.6250	1.0397
bank	1392	1.6250	0.9562
applications	1393	1.6250	0.9342
wouldn	1394	1.6250	0.8885
same	1395	1.6250	0.9342
gate	1396	1.6250	0.9989
isnt	1397	1.6250	1.0596
halfway	1398	1.6250	0.9562
sippin	1399	1.6250	0.9989
sono	1400	1.6250	0.9562
sein	1401	1.6250	0.9562
@donniewahlberg	1402	1.6250	0.9562
strictly	1403	1.6250	0.8647
ones	1404	1.6250	1.1355
hier	1405	1.6200	0.9775
minus	1406	1.6200	1.0371
equations	1407	1.6200	1.0750
nevertheless	1408	1.6200	0.9569
baila	1409	1.6200	1.0371
professionals	1410	1.6200	0.9357
elaborate	1411	1.6200	1.0176
preparations	1412	1.6200	1.1116
path	1413	1.6200	1.0934
coupon	1414	1.6200	1.0371
uma	1415	1.6200	1.1814
zeit	1416	1.6200	0.9978
district	1417	1.6200	0.8920
arizona	1418	1.6200	1.2311
sixty	1419	1.6200	0.9775
proteins	1420	1.6200	1.0934
picks	1421	1.6200	0.9569
geht	1422	1.6200	0.9357
ace	1423	1.6200	0.9141
cheese	1424	1.6200	1.0176
spray	1425	1.6200	0.9978
featured	1426	1.6200	1.0176
espn	1427	1.6200	1.0750
fits	1428	1.6200	1.0562
mist	1429	1.6200	0.9141
makers	1430	1.6200	1.0750
diggin	1431	1.6200	0.8693
topic	1432	1.6200	1.0176
role	1433	1.6200	0.9569
except	1434	1.6200	1.0562
measures	1435	1.6200	1.0371
steppin	1436	1.6200	1.0750
although	1437	1.6200	1.0371
knocks	1438	1.6200	0.9569
zal	1439	1.6200	1.0176
av	1440	1.6200	1.1982
gtgt	1441	1.6200	1.0562
dawning	1442	1.6200	0.9141
hartford	1443	1.6200	1.0562
han	1444	1.6200	1.0562
sullivan	1445	1.6200	1.0562
viva	1446	1.6200	1.0750
graphics	1447	1.6200	1.0750
toss	1448	1.6200	1.0934
comp	1449	1.6200	1.0562
lobby	1450	1.6200	0.9569
surrounds	1451	1.6200	1.0934
phone	1452	1.6200	0.9775
occupy	1453	1.6200	1.0750
bei	1454	1.6200	0.9569
reducing	1455	1.6200	0.9775
demi	1456	1.6136	1.0028
dentro	1457	1.6087	0.8358
owns	1458	1.6087	0.9795
yah	1459	1.6087	0.9105
delaware	1460	1.6087	1.0014
lessons	1461	1.6087	1.0229
notion	1462	1.6087	0.8614
mathematics	1463	1.6087	1.0440
dum	1464	1.6087	0.9795
alma	1465	1.6087	0.9340
chancellor	1466	1.6087	0.9795
wasn	1467	1.6042	0.8904
circulation	1468	1.6042	0.9360
nena	1469	1.6042	1.0212
amongst	1470	1.6042	0.8667
crossing	1471	1.6042	1.0005
civil	1472	1.6042	0.8667
gots	1473	1.6042	0.9135
pac	1474	1.6042	0.9580
samples	1475	1.6042	0.9580
hw	1476	1.6042	1.1370
dictionary	1477	1.6042	1.0806
wings	1478	1.6042	0.9580
principal	1479	1.6042	1.0806
luna	1480	1.6042	0.9580
lay	1481	1.6042	1.0212
tus	1482	1.6042	1.0997
sylvia	1483	1.6042	0.9135
koch	1484	1.6042	0.9135
materials	1485	1.6042	1.0806
cole	1486	1.6042	1.0212
lg	1487	1.6000	1.1136
people's	1488	1.6000	1.0770
aspects	1489	1.6000	1.0000
shapiro	1490	1.6000	1.0000
annie	1491	1.6000	0.9381
explains	1492	1.6000	0.9592
reported	1493	1.6000	0.8718
follows	1494	1.6000	0.9165
fav	1495	1.6000	1.0770
combinations	1496	1.6000	1.0583
aid	1497	1.6000	1.0583
advised	1498	1.6000	0.9592
brian	1499	1.6000	1.1832
civic	1500	1.6000	1.0198
mobile	1501	1.6000	1.0392
forest	1502	1.6000	1.1489
pilot	1503	1.6000	1.0770
cattle	1504	1.6000	1.0392
profile	1505	1.6000	1.1136
series	1506	1.6000	1.0000
feliz	1507	1.6000	0.9798
connect	1508	1.6000	0.9798
cincinnati	1509	1.6000	1.0000
mc	1510	1.6000	1.0770
ihr	1511	1.6000	1.0392
accounting	1512	1.6000	1.0000
issue	1513	1.6000	0.9165
singer	1514	1.6000	1.1662
yur	1515	1.6000	0.9592
walsh	1516	1.6000	1.1136
sovereign	1517	1.6000	1.0000
bath	1518	1.6000	1.0770
ours	1519	1.6000	1.0583
data	1520	1.6000	0.9798
planned	1521	1.6000	0.9381
supermarkets	1522	1.6000	1.0392
number	1523	1.6000	0.9798
clergy	1524	1.6000	0.9381
joined	1525	1.6000	0.9381
dmx	1526	1.5870	1.1052
ministry	1527	1.5870	0.9801
continuous	1528	1.5870	0.9112
let's	1529	1.5870	0.9577
command	1530	1.5870	1.0021
collar	1531	1.5870	1.0651
maryland	1532	1.5870	1.1247
sheep	1533	1.5870	1.0021
weighted	1534	1.5833	1.0624
coverage	1535	1.5833	0.9373
niente	1536	1.5833	1.0426
covered	1537	1.5833	0.9593
mccain	1538	1.5833	0.9373
chairman	1539	1.5833	0.9373
relatives	1540	1.5833	0.9808
athletes	1541	1.5833	0.9373
earlier	1542	1.5833	0.9373
ikea	1543	1.5833	0.8918
zone	1544	1.5833	0.9593
brb	1545	1.5833	0.9808
tea	1546	1.5833	1.0018
ray	1547	1.5833	0.9593
candles	1548	1.5833	1.0426
nhl	1549	1.5833	0.9593
update	1550	1.5833	0.8918
bom	1551	1.5833	1.0224
ds	1552	1.5833	0.9373
nothings	1553	1.5833	1.0018
tower	1554	1.5833	0.8918
marvin	1555	1.5833	0.9593
10th	1556	1.5833	0.9373
station	1557	1.5833	1.0224
metal	1558	1.5833	1.0224
saying	1559	1.5800	1.0600
defined	1560	1.5800	0.9610
generated	1561	1.5800	0.9816
rd	1562	1.5800	1.0787
maybe	1563	1.5800	0.8738
visitation	1564	1.5800	0.8268
gets	1565	1.5800	0.9610
wah	1566	1.5800	0.9400
grandfather	1567	1.5800	1.0018
band	1568	1.5800	0.8738
inch	1569	1.5800	1.0018
am	1570	1.5800	1.0018
antonio	1571	1.5800	0.9816
b-includes	1572	1.5800	1.0216
gordon	1573	1.5800	0.9816
relaxing	1574	1.5800	1.0600
atleast	1575	1.5800	0.9185
button	1576	1.5800	0.9185
mondays	1577	1.5800	1.1152
think	1578	1.5800	1.0216
carried	1579	1.5800	1.0410
drawers	1580	1.5800	1.0018
privately	1581	1.5800	1.0216
mek	1582	1.5800	1.0018
van	1583	1.5800	0.9400
woman	1584	1.5800	1.0971
columns	1585	1.5800	0.8738
maureen	1586	1.5800	0.9400
heritage	1587	1.5800	1.0971
nicht	1588	1.5800	0.9185
editions	1589	1.5800	1.0971
gas	1590	1.5800	0.8738
ya	1591	1.5800	1.0410
parts	1592	1.5800	0.9610
xm	1593	1.5800	1.0600
hamilton	1594	1.5800	1.1152
secure	1595	1.5800	0.9185
gud	1596	1.5800	0.8506
clearer	1597	1.5800	0.9610
education	1598	1.5652	0.8872
america's	1599	1.5652	1.0237
sih	1600	1.5652	1.0022
substantial	1601	1.5652	0.8367
mathematical	1602	1.5652	0.9113
plain	1603	1.5625	1.0434
description	1604	1.5625	0.9816
gal	1605	1.5625	0.9382
palmer	1606	1.5625	0.8691
civilization	1607	1.5625	0.9382
definite	1608	1.5625	0.8927
stroll	1609	1.5625	0.8691
letting	1610	1.5625	0.9158
recuerdo	1611	1.5625	1.0026
protein	1612	1.5625	0.9602
corn	1613	1.5625	1.0026
product	1614	1.5625	1.0026
19th	1615	1.5625	1.0026
ok	1616	1.5625	0.9158
volunteer	1617	1.5625	0.9382
vii	1618	1.5625	0.8927
af	1619	1.5625	0.9816
o'connor	1620	1.5625	1.0434
apply	1621	1.5625	0.8691
abstract	1622	1.5625	0.8927
expansion	1623	1.5625	0.8927
gentle	1624	1.5600	0.9200
how's	1625	1.5600	1.0423
lead	1626	1.5600	1.0229
ears	1627	1.5600	0.8980
areas	1628	1.5600	1.0032
by	1629	1.5600	0.9831
online	1630	1.5600	1.0229
thinkin	1631	1.5600	1.0613
tyler	1632	1.5600	1.1164
nee	1633	1.5600	1.0423
hispanic	1634	1.5600	1.0613
nas	1635	1.5600	0.8523
across	1636	1.5600	0.9415
given	1637	1.5600	0.9831
levels	1638	1.5600	0.8980
tienes	1639	1.5600	0.9625
june	1640	1.5600	1.0229
charter	1641	1.5600	1.0032
bc	1642	1.5600	1.0613
jonathan	1643	1.5600	0.8754
wholly	1644	1.5600	0.9415
worn	1645	1.5600	1.0032
symbol	1646	1.5600	0.9831
polish	1647	1.5600	0.8980
amen	1648	1.5600	0.8523
bags	1649	1.5600	1.0613
dems	1650	1.5600	0.8523
meh	1651	1.5600	0.9831
reminded	1652	1.5600	0.8285
laura	1653	1.5600	1.1164
crawl	1654	1.5600	1.0423
sp	1655	1.5600	1.0032
l	1656	1.5600	0.9625
agreed	1657	1.5600	0.8040
tendency	1658	1.5600	0.8754
allow	1659	1.5600	0.9831
vas	1660	1.5600	0.9625
mmm	1661	1.5600	1.0229
tummy	1662	1.5600	1.0032
passages	1663	1.5600	0.8523
uu	1664	1.5600	1.0800
meyer	1665	1.5600	0.9831
broad	1666	1.5600	1.0229
proved	1667	1.5600	1.0423
kerry	1668	1.5600	1.0229
y'all	1669	1.5455	1.0668
nowhere	1670	1.5435	0.8868
internal	1671	1.5435	0.9576
yellow	1672	1.5435	1.0019
valid	1673	1.5435	0.8364
ole	1674	1.5435	0.8620
dozen	1675	1.5435	0.9576
goes	1676	1.5435	0.9800
inches	1677	1.5417	0.8695
ty	1678	1.5417	0.9387
tends	1679	1.5417	0.9606
philosophical	1680	1.5417	0.8452
amp	1681	1.5417	0.9606
brick	1682	1.5417	0.9821
's	1683	1.5417	1.0438
footage	1684	1.5417	0.9162
away	1685	1.5417	0.9387
dave	1686	1.5417	0.8202
sending	1687	1.5417	0.8452
pick	1688	1.5417	1.0236
fitted	1689	1.5417	0.9387
sai	1690	1.5400	1.0623
ain't	1691	1.5400	0.8991
helen	1692	1.5400	1.1698
ridge	1693	1.5400	0.8052
it'd	1694	1.5400	1.0239
=d	1695	1.5400	1.0993
would	1696	1.5400	0.8052
pin	1697	1.5400	0.8297
felt	1698	1.5400	1.0433
fave	1699	1.5400	1.0042
crop	1700	1.5400	0.8297
old	1701	1.5400	0.8297
mellow	1702	1.5400	0.9425
composed	1703	1.5400	0.9635
sum1	1704	1.5400	0.9425
albums	1705	1.5400	1.0042
evening	1706	1.5400	0.9425
pero	1707	1.5400	0.9425
conn	1708	1.5400	0.9635
proceed	1709	1.5400	0.8766
salad	1710	1.5400	1.0623
region	1711	1.5400	0.9211
'em	1712	1.5400	1.0042
registered	1713	1.5400	0.8991
league	1714	1.5400	1.0239
mineral	1715	1.5400	0.9425
carter	1716	1.5400	0.8766
reaching	1717	1.5217	0.8860
poi	1718	1.5217	0.9102
dee	1719	1.5217	0.8355
frances	1720	1.5217	0.9568
voz	1721	1.5217	0.8611
oliver	1722	1.5217	0.8860
kay	1723	1.5217	0.8090
distance	1724	1.5217	0.9102
garlic	1725	1.5208	1.0236
williams	1726	1.5208	1.0030
ball	1727	1.5208	1.0030
interior	1728	1.5208	0.9387
dj	1729	1.5208	1.0236
serbs	1730	1.5208	0.7944
rubin	1731	1.5208	0.8695
jar	1732	1.5208	0.8452
gran	1733	1.5208	0.7114
newsstands	1734	1.5200	0.8542
necessarily	1735	1.5200	0.9217
clerk	1736	1.5200	0.8998
denver	1737	1.5200	0.8542
prevented	1738	1.5200	0.7808
referred	1739	1.5200	0.8542
we'll	1740	1.5200	0.8773
stanley	1741	1.5200	0.9847
daddy	1742	1.5200	1.0048
legislators	1743	1.5200	0.9432
contract	1744	1.5200	0.8304
lang	1745	1.5200	0.8304
barometer	1746	1.5200	0.8998
balanced	1747	1.5200	0.9217
pulling	1748	1.5200	0.9217
jimmy	1749	1.5200	0.8773
powder	1750	1.5200	0.8998
membership	1751	1.5200	1.0048
labour	1752	1.5200	0.8998
forms	1753	1.5200	0.8998
depois	1754	1.5200	1.0048
of	1755	1.5200	0.9432
making	1756	1.5200	0.8773
stepping	1757	1.5200	0.8773
huntington	1758	1.5200	0.9432
row	1759	1.5200	0.8773
binding	1760	1.5200	0.9432
coeur	1761	1.5200	0.8060
driven	1762	1.5200	0.8304
ideal	1763	1.5200	0.9217
jus	1764	1.5200	1.0815
puedo	1765	1.5000	0.8544
u	1766	1.5000	0.9972
foot	1767	1.5000	0.8775
we're	1768	1.5000	1.0050
sentences	1769	1.5000	0.9644
sera	1770	1.5000	0.8307
algo	1771	1.5000	0.9220
chamber	1772	1.5000	0.8307
buyer	1773	1.5000	0.9644
states	1774	1.5000	0.9000
practical	1775	1.5000	0.8544
understood	1776	1.5000	0.9089
transactions	1777	1.5000	0.8775
ie	1778	1.5000	0.9325
lip	1779	1.5000	0.8223
coal	1780	1.5000	0.8847
india	1781	1.5000	1.0433
tuo	1782	1.5000	0.9816
harris	1783	1.5000	1.0817
eastside	1784	1.5000	0.9555
still	1785	1.5000	0.8062
yeah	1786	1.5000	0.9434
broader	1787	1.5000	0.9220
she	1788	1.5000	1.1016
traders	1789	1.5000	0.9220
manner	1790	1.5000	0.7939
daniel	1791	1.5000	0.9816
tire	1792	1.5000	0.8076
paul	1793	1.5000	1.0026
fully	1794	1.5000	0.8775
florence	1795	1.5000	0.9000
equally	1796	1.5000	1.0050
57th	1797	1.5000	0.8223
p	1798	1.5000	0.9157
therefore	1799	1.5000	0.8690
shack	1800	1.5000	0.8775
backyard	1801	1.5000	0.8307
gradually	1802	1.5000	0.9325
recording	1803	1.5000	0.8544
sailor	1804	1.4800	0.8304
albert	1805	1.4800	1.0048
accordingly	1806	1.4800	0.8304
former	1807	1.4800	0.8060
vessel	1808	1.4800	0.8304
sets	1809	1.4800	0.8542
moves	1810	1.4800	0.7808
edinburgh	1811	1.4800	1.0628
ni	1812	1.4800	0.9432
agricultural	1813	1.4800	1.0048
circle	1814	1.4800	0.9642
click	1815	1.4800	0.8773
ron	1816	1.4800	0.9217
northeast	1817	1.4800	0.9432
related	1818	1.4800	0.8304
wide	1819	1.4800	0.8998
w/	1820	1.4800	1.0048
josh	1821	1.4800	0.8998
lagi	1822	1.4800	0.8998
sip	1823	1.4800	0.8773
mix	1824	1.4800	0.7808
neither	1825	1.4800	0.7808
subjective	1826	1.4792	0.7928
does	1827	1.4792	0.8186
lu	1828	1.4792	1.0223
least	1829	1.4792	0.8186
will	1830	1.4792	0.9592
siento	1831	1.4792	1.0017
fix	1832	1.4783	0.9307
ang	1833	1.4783	0.7496
bobby	1834	1.4783	0.9071
belonging	1835	1.4783	0.7781
such	1836	1.4783	0.8578
state's	1837	1.4773	0.9715
msn	1838	1.4600	0.8766
regards	1839	1.4600	0.8991
asi	1840	1.4600	0.9211
connected	1841	1.4600	0.7269
knees	1842	1.4600	0.8535
link	1843	1.4600	0.8297
depend	1844	1.4600	0.8991
academic	1845	1.4600	0.7800
kijk	1846	1.4600	1.0239
neutral	1847	1.4600	0.8297
ne	1848	1.4600	0.8535
memphis	1849	1.4600	0.8535
cm	1850	1.4600	1.0042
leaf	1851	1.4600	0.9425
plains	1852	1.4600	0.9635
book	1853	1.4600	0.8766
he	1854	1.4600	0.9211
suitcase	1855	1.4600	0.8052
mike	1856	1.4600	0.9841
esther	1857	1.4600	0.8991
ties	1858	1.4600	0.6989
preliminary	1859	1.4600	0.7539
soap	1860	1.4600	0.8052
shoe	1861	1.4600	0.8766
o'neill	1862	1.4600	0.9635
lists	1863	1.4600	0.8052
kevin	1864	1.4583	0.9794
ink	1865	1.4583	0.7366
sodium	1866	1.4583	0.8171
seh	1867	1.4565	0.8029
pants	1868	1.4565	0.8029
peggy	1869	1.4565	0.6861
jeg	1870	1.4565	0.8029
hat	1871	1.4565	0.8029
fruit	1872	1.4400	0.9625
ap	1873	1.4400	0.8754
stage	1874	1.4400	0.7526
branch	1875	1.4400	0.8980
vida	1876	1.4400	0.9415
zijn	1877	1.4400	0.9831
heed	1878	1.4400	0.8980
id	1879	1.4400	0.7787
word	1880	1.4400	0.8523
greenwich	1881	1.4400	0.8754
dana	1882	1.4400	0.8754
brad	1883	1.4400	0.9625
surface	1884	1.4400	0.7526
stevie	1885	1.4400	0.8040
'i	1886	1.4400	0.9415
tan	1887	1.4400	0.7526
central	1888	1.4400	0.8980
relax	1889	1.4400	0.7255
den	1890	1.4375	0.7621
it'll	1891	1.4375	0.6751
moms	1892	1.4375	0.8401
sent	1893	1.4375	0.7053
led	1894	1.4375	0.7343
n	1895	1.4375	0.8883
tho	1896	1.4348	0.7136
abc	1897	1.4348	0.7434
gary	1898	1.4348	0.8265
fo	1899	1.4348	0.7434
kt	1900	1.4348	0.6824
cuz	1901	1.4348	0.7434
tierra	1902	1.4200	0.8022
it	1903	1.4200	0.8506
lls	1904	1.4200	0.9185
iya	1905	1.4200	0.7769
kalo	1906	1.4200	0.7236
north	1907	1.4200	0.9400
require	1908	1.4200	0.7769
doesn't	1909	1.4200	0.6954
could	1910	1.4200	0.6660
katie	1911	1.4200	0.9185
potatoes	1912	1.4200	0.8506
greene	1913	1.4200	0.7507
state	1914	1.4200	0.8506
adam	1915	1.4200	0.8506
common	1916	1.4200	0.8268
dine	1917	1.4200	0.8506
loc	1918	1.4200	0.7507
milton	1919	1.4200	0.8738
landscape	1920	1.4200	0.8964
ini	1921	1.4200	0.8964
hes	1922	1.4167	0.8376
ways	1923	1.4167	0.7863
aan	1924	1.4130	0.6780
di	1925	1.4130	0.7093
we'd	1926	1.4130	0.8489
sgt	1927	1.4130	0.8489
ac	1928	1.4130	0.7682
dan	1929	1.4000	0.8246
curtains	1930	1.4000	0.9381
anyway	1931	1.4000	0.8000
fr	1932	1.4000	0.9592
or	1933	1.4000	0.8246
turned	1934	1.4000	0.8485
bin	1935	1.4000	0.7211
somehow	1936	1.4000	0.8485
ounce	1937	1.4000	0.8718
versions	1938	1.4000	0.8246
shape	1939	1.4000	0.8246
soil	1940	1.4000	0.8000
sofa	1941	1.4000	0.8718
san	1942	1.4000	0.8718
menos	1943	1.4000	0.8246
civilians	1944	1.4000	0.8000
processing	1945	1.4000	0.8718
mins	1946	1.3958	0.8092
havent	1947	1.3958	0.9290
seventeenth	1948	1.3958	0.8345
wheel	1949	1.3958	0.7559
mijn	1950	1.3958	0.8830
bricks	1951	1.3958	0.6986
came	1952	1.3958	0.7830
lit	1953	1.3958	0.6362
seo	1954	1.3913	0.7637
corazon	1955	1.3800	0.7972
ml	1956	1.3800	0.7972
rogers	1957	1.3800	0.8920
beings	1958	1.3800	0.7718
units	1959	1.3800	0.7718
esto	1960	1.3800	0.8693
def	1961	1.3800	0.9141
any	1962	1.3800	0.7718
cent	1963	1.3800	0.8693
probably	1964	1.3800	0.6290
quel	1965	1.3800	0.7718
wagner	1966	1.3800	0.8219
water	1967	1.3750	0.8556
jefferson	1968	1.3750	0.8055
thursday	1969	1.3600	0.7144
fam	1970	1.3600	0.7144
o'brien	1971	1.3600	0.8429
schon	1972	1.3600	0.7940
dot	1973	1.3600	0.7144
orange	1974	1.3600	0.7419
road	1975	1.3600	0.7940
a	1976	1.3542	0.8992
pa	1977	1.3542	0.8012
eight	1978	1.3400	0.6815
billy	1979	1.3400	0.7645
sitting	1980	1.3400	0.6515
john's	1981	1.3400	0.7102
his	1982	1.3400	0.6815
9pm	1983	1.3400	0.7645
per	1984	1.3333	0.7698
sean	1985	1.3261	0.6532
gates	1986	1.3200	0.7859
smith	1987	1.3125	0.6130
ff	1988	1.3125	0.6775
flag	1989	1.3000	0.6708
doors	1990	1.3000	0.6403
glue	1991	1.3000	0.6083
b/c	1992	1.2800	0.7494
tijd	1993	1.2800	0.6645
stuart	1994	1.2600	0.6264
pr	1995	1.2500	0.7153
hs	1996	1.2400	0.6184
pro	1997	1.2400	0.5851
beans	1998	1.2400	0.5851
johnson	1999	1.1800	0.6539
